2 0.19242902208201892 0.24492632749513482 0.277602523659306 0.3402835696413678
2 0.7544689800210305 0.25145954962468725 0.23098492814581142 0.221573533500139
2 0.16806869961444093 0.7871837642479844 0.22747984577637576 0.3049763691965527
2 0.7043463021381002 0.5656102307478454 0.42236242551699965 0.18098415346121768
1 0.493515597616544 0.20878509869335557 0.17875920084121977 0.2151793160967473
1 0.2146862951279355 0.5236308034473172 0.3073957237995093 0.1148179038087295
1 0.65913073957238 0.80442035029191 0.5078864353312302 0.26605504587155965
3 0.17157378198387663 0.609257714762302 0.22958289519803715 0.04364748401445649
3 0.6656151419558359 0.4492632749513483 0.49702067998597965 0.04670558798999166
3 0.729758149316509 0.11009174311926606 0.251664914125482 0.03947734222963581
3 0.22607781282860148 0.036836252432582706 0.2046968103750438 0.030859049207673062