3 0.170066830812522 0.07353350013900473 0.20717551881814983 0.029190992493744787
3 0.5010552233556103 0.07561857103141507 0.42947590573338024 0.029469001946066165
3 0.8313401336616251 0.07686961356686127 0.20858248329229687 0.02863497358910203
3 0.16795638410130145 0.2934389769252155 0.20858248329229687 0.02863497358910203
3 0.16654941962715442 0.513900472616069 0.20787900105522336 0.02863497358910203
3 0.16408723179739712 0.7361690297470114 0.20858248329229687 0.0316930775646372
2 0.1683081252198382 0.18154017236586045 0.20647203658107632 0.19905476786210732
2 0.16654941962715442 0.4039477342229636 0.20436158986985578 0.20016680567139283
2 0.16514245515300738 0.623575201556853 0.20787900105522336 0.19794273005282179
2 0.16268026732325008 0.8445927161523492 0.20295462539570877 0.19794273005282179
2 0.3835736897643334 0.5162635529608006 0.20295462539570877 0.8579371698637753
2 0.6058740766795638 0.5191826522101751 0.20365810763278228 0.8559911036975257
2 0.8271192402391839 0.5189046427578538 0.2050650721069293 0.855435084792883
3 0.2441083362645093 0.037253266611064775 0.20330636651424552 0.030025020850708923