3 0.6053184044786564 0.07142857142857142 0.20713785864240727 0.02701197438039543
3 0.8240027991602519 0.07309941520467836 0.20643806857942618 0.028682818156502365
3 0.8233030090972708 0.6567808409913674 0.20643806857942618 0.025898078529657476
2 0.602519244226732 0.5123920913394597 0.20433869839048285 0.8649401280980228
2 0.8219034289713086 0.36187691450849346 0.20643806857942618 0.5616819827346143
2 0.8233030090972708 0.804093567251462 0.20503848845346395 0.27930938457254245
3 0.23635409377186845 0.036062378167641324 0.2039888033589923 0.030910609857978277
3 0.24737578726382084 0.36494012809802284 0.3351994401679496 0.07602339181286549
1 0.21938418474457663 0.20286828181565023 0.37508747375787266 0.22807017543859648
1 0.3540937718684395 0.6129211918685603 0.18894331700489853 0.21386800334168754
2 0.24527641707487755 0.666805903648009 0.3331000699790063 0.5176830966304651