2 0.16438836312653346 0.3208310094813162 0.20609884332281808 0.4665365309537089
2 0.1650893796004206 0.685861684327942 0.2103049421661409 0.22615727830451757
2 0.16859446196985628 0.8849693251533742 0.20890290921836663 0.13859453430005578
2 0.3845075359270943 0.26742889012827664 0.21170697511391517 0.4088120468488567
2 0.3852085524009814 0.721834913552705 0.20750087627059235 0.46430563301728944
2 0.6091833158079215 0.7745398773006135 0.215913073957238 0.3588957055214724
2 0.6049772169645987 0.32013385387618515 0.2046968103750438 0.5142219743446738
2 0.8286014721345951 0.38301728945900726 0.21170697511391517 0.6416620189626324
2 0.827900455660708 0.8350529838259899 0.20750087627059235 0.22727272727272727
3 0.755695758850333 0.03764640267707752 0.19207851384507535 0.03402119353039598
3 0.16368734665264634 0.07738427216954824 0.20750087627059235 0.022030117122141663
3 0.167192429022082 0.5623257110987172 0.19207851384507535 0.025376464026770774
3 0.16649141254819488 0.8066090351366425 0.18787241500175253 0.022030117122141663
3 0.38310550297932 0.4797824874511991 0.19207851384507535 0.022030117122141663
3 0.6028741675429372 0.5832403792526492 0.1892744479495268 0.023145566090351368
3 0.8250963897651595 0.7090072504182934 0.20189274447949526 0.022030117122141663