3 0.1732325008793528 0.07302429488969561 0.2099894477664439 0.02652890254118961
3 0.17288075976081604 0.5270874057525831 0.2001406964474147 0.027087405752583078
3 0.39482940555750967 0.4905054454063111 0.19873373197326769 0.02652890254118961
3 0.1749912064720366 0.8035464953923485 0.20154766092156173 0.02652890254118961
3 0.6160745691171298 0.6762077631946384 0.20154766092156173 0.02764590896397654
3 0.8348575448469926 0.5820999720748394 0.2001406964474147 0.027087405752583078
2 0.17305663032008442 0.30005585032113935 0.20612029546253957 0.4381457693381737
2 0.17305663032008442 0.6655962021781625 0.2075272599366866 0.26389276738341244
2 0.1756946887091101 0.878804803127618 0.2099894477664439 0.13627478358000558
2 0.39359831164263104 0.2707344317229824 0.20963770664790715 0.4247416922647305
2 0.3955328877945832 0.7224239039374476 0.2106929300035174 0.4490365819603463
2 0.6120295462539571 0.3642837196313879 0.20541681322546607 0.6101647584473611
2 0.609215617305663 0.8149958112259146 0.19556806190643686 0.26277576096062555
2 0.833626450932114 0.3172298240714884 0.20682377769961308 0.5177324769617425
2 0.8369679915582131 0.7676626640603184 0.2099894477664439 0.35576654565763755
3 0.7521983819908548 0.03630270874057526 0.214210341188885 0.026808154146886344