2 0.17283298097251584 0.3976575571667596 0.2040169133192389 0.6346904629113218
2 0.17107117688513038 0.8377021751254881 0.2054263565891473 0.2158393753485778
2 0.3907681465821001 0.1079196876742889 0.19943622269203665 0.1015058561070831
2 0.39341085271317827 0.2981037367540435 0.2047216349541931 0.25376464026770773
2 0.39217758985200846 0.692414947016174 0.2022551092318534 0.5108756274400447
2 0.6180408738548273 0.312186279977691 0.21000704721634955 0.5066926938092582
2 0.6153981677237491 0.7631065253764641 0.20613107822410148 0.36837702175125486
2 0.8382663847780126 0.36363636363636365 0.20930232558139536 0.6095928611266035
2 0.8379140239605356 0.8152537646402677 0.21000704721634955 0.26240936977133295
3 0.1719520789288231 0.7216954824316788 0.2022551092318534 0.029001673173452314
3 0.17582804792107118 0.07306190741773563 0.21141649048625794 0.03067484662576687
3 0.3949964763918252 0.16522587841606245 0.20014094432699084 0.028165086447295037
3 0.39429175475687106 0.42986614612381485 0.20155038759689922 0.02649191299498048
3 0.6152219873150105 0.5725041829336308 0.20084566596194503 0.029001673173452314
3 0.8368569415081043 0.6765197992191857 0.2022551092318534 0.02844394868934746
3 0.7695560253699789 0.038064696040156165 0.20507399577167018 0.03485778025655326