3 0.7425516999649492 0.041608489248813184 0.2246757798808272 0.032393186260821
3 0.8271994391868209 0.0755375593409662 0.19698562916228532 0.01815135437028763
3 0.6088328075709779 0.07595643674951132 0.20189274447949526 0.01898910918737783
3 0.39064143007360674 0.07609606255235968 0.19873817034700317 0.022060876850041888
3 0.169645986680687 0.07679419156660151 0.20189274447949526 0.01731359955319743
3 0.169645986680687 0.6556827701759285 0.19978969505783387 0.020664618821558223
3 0.38958990536277605 0.6565205249930187 0.20294426919032596 0.020664618821558223
3 0.6084822993340343 0.6565205249930187 0.2046968103750438 0.020664618821558223
3 0.8322818086225027 0.6555431443730801 0.2036452856642131 0.022060876850041888
2 0.16806869961444093 0.36358559061714607 0.20294426919032596 0.5624127338732198
2 0.3908166841920785 0.3634459648142977 0.19698562916228532 0.5576654565763753
2 0.6086575534525062 0.36400446802569114 0.2036452856642131 0.5598994694219491
2 0.8310550297932001 0.36470259703993296 0.20890290921836663 0.5568277017592851
2 0.8315807921486155 0.8089919017034348 0.2057483350858745 0.28260262496509353
2 0.6109358569926393 0.8088522759005864 0.20960392569225378 0.287349902261938
2 0.3911671924290221 0.8073163920692544 0.20960392569225378 0.2842781345992739
2 0.1694707325622152 0.8077352694777995 0.2036452856642131 0.2851158894163641