2 0.16876971608832808 0.23809523809523808 0.2015422362425517 0.3079922027290448
2 0.1729758149316509 0.6261487050960736 0.20294426919032596 0.43636869952659424
2 0.16824395373291273 0.904344193817878 0.19348054679284962 0.08771929824561403
2 0.3901156677181914 0.0769980506822612 0.20399579390115669 0.034252297410192145
2 0.39362075008762704 0.526176552492342 0.20679985979670523 0.8418267891952103
2 0.6142656852436033 0.17975494291283764 0.21065545040308448 0.23976608187134502
2 0.6097090781633369 0.6313004734057366 0.19803715387311602 0.6338067390698969
2 0.8347353662811076 0.379838485101643 0.21065545040308448 0.6410470620996936
2 0.8338590956887487 0.8316624895572264 0.20329477742726954 0.23196881091617932
3 0.17315106905012267 0.07644110275689223 0.20890290921836663 0.02756892230576441
3 0.39134244654749384 0.10038986354775828 0.2001402032947774 0.02701197438039543
3 0.1740273396424816 0.39974937343358397 0.2001402032947774 0.02701197438039543
3 0.6142656852436033 0.30673906989696464 0.19873817034700317 0.02701197438039543
3 0.8343848580441641 0.7094124199387357 0.1994391868208903 0.028682818156502365
3 0.1750788643533123 0.8514341409078251 0.19803715387311602 0.028125870231133387
3 0.7630564318261479 0.038011695906432746 0.2103049421661409 0.03815093288777499