1 0.23696264975334744 0.33073061907417733 0.45348837209302323 0.3329615170105968
2 0.7029598308668076 0.3399330730619074 0.44820295983086683 0.3162297824874512
2 0.2285059901338971 0.704127161182376 0.26885130373502464 0.192414947016174
2 0.514446793516561 0.6097322922476297 0.27202255109231854 0.15421081985499163
2 0.51092318534179 0.7819297267150028 0.26990838618745594 0.018962632459564976
2 0.7973925299506694 0.6617401003904071 0.2741367159971811 0.26268823201338537
1 0.21053558844256517 0.8696319018404908 0.2928118393234672 0.1441717791411043
1 0.5077519379844961 0.8680981595092024 0.28400281888653983 0.14556609035136642
1 0.7977448907681466 0.8682375906302287 0.27061310782241016 0.14472950362520914
2 0.7110641296687809 0.31901840490797545 0.009866102889358703 0.05075292805354155
2 0.7394291754756871 0.1238148354712772 0.37103594080338265 0.03234802007808143
3 0.3146582100070472 0.1281372002230898 0.427061310782241 0.07278304517568321
3 0.5236081747709654 0.07794199665365309 0.28893587033121915 0.027607361963190184
3 0.22832980972515857 0.5720858895705522 0.262861169837914 0.04266592303402119
3 0.20665961945031713 0.540574456218628 0.2251585623678647 0.025376464026770774
3 0.40856236786469347 0.708728388176241 0.060958421423537704 0.02147239263803681
3 0.51092318534179 0.7382877858337981 0.26004228329809725 0.04266592303402119