2 0.6173361522198731 0.5122528543581175 0.21634954193093728 0.8663324979114453
2 0.841261451726568 0.36187691450849346 0.21529245947850598 0.5622389306599833
2 0.8366807610993657 0.8039543302701198 0.21035940803382663 0.2756892230576441
3 0.8386187455954898 0.07003620161514898 0.204369274136716 0.021442495126705652
3 0.6131078224101479 0.06920077972709551 0.204369274136716 0.021442495126705652
3 0.8382663847780126 0.6516290726817042 0.20155038759689922 0.028404344193817876
3 0.2559901338971106 0.32748538011695905 0.37174066243833687 0.037315510999721524
3 0.2598661028893587 0.037037037037037035 0.22938689217758984 0.028404344193817876
3 0.2831219168428471 0.7191590086326929 0.2836504580690627 0.03648008911166806
2 0.27906976744186046 0.42286271233639655 0.321353065539112 0.1439710387078808
2 0.2836504580690627 0.8267891952102479 0.28259337561663145 0.18379281537176273
1 0.26039464411557434 0.17905875800612642 0.36856941508104296 0.2328042328042328
1 0.22286821705426357 0.6125034809245335 0.2836504580690627 0.15288220551378445