2 0.16035751840168244 0.39223057644110276 0.20294426919032596 0.6268448900027848
2 0.15509989484752892 0.8302701197438039 0.19663512092534174 0.20802005012531327
2 0.37907465825446895 0.8326371484266221 0.2015422362425517 0.2149818991924255
2 0.37907465825446895 0.5459482038429407 0.1994391868208903 0.31940963519910887
2 0.3808271994391868 0.22431077694235588 0.20294426919032596 0.28989139515455303
2 0.6004206098843323 0.5111389585073796 0.20329477742726954 0.8635477582846004
2 0.822993340343498 0.5105820105820106 0.2046968103750438 0.8590921748816486
3 0.16158429723098494 0.07003620161514898 0.2082018927444795 0.02756892230576441
3 0.38275499474237645 0.07059314954051796 0.20679985979670523 0.026455026455026454
3 0.38240448650543285 0.37496519075466445 0.20329477742726954 0.02701197438039543
3 0.6018226428321065 0.07059314954051796 0.20890290921836663 0.028682818156502365
3 0.8217665615141956 0.07115009746588694 0.20995443392919733 0.026455026455026454
3 0.24185068349106204 0.03522695627958786 0.21451104100946372 0.029239766081871343