2 0.1705508474576271 0.39769252154573254 0.2062146892655367 0.6257992771754239
2 0.1721398305084746 0.8373644703919934 0.2051553672316384 0.2123992215735335
2 0.3900070621468927 0.8361134278565471 0.20233050847457626 0.21156519321656936
2 0.3884180790960452 0.5232137892688351 0.19915254237288135 0.3730886850152905
2 0.3884180790960452 0.199193772588268 0.20127118644067796 0.23213789268835142
2 0.6145833333333334 0.5129274395329442 0.2051553672316384 0.8562691131498471
2 0.8375706214689266 0.5152905198776758 0.20833333333333334 0.8626633305532388
3 0.17037429378531074 0.7204614956908535 0.20021186440677965 0.021406727828746176
3 0.3907132768361582 0.7196274673338894 0.20021186440677965 0.02307478454267445
3 0.3919491525423729 0.3234639977759244 0.1942090395480226 0.021406727828746176
3 0.1696680790960452 0.07492354740061162 0.20233050847457626 0.021406727828746176
3 0.3908898305084746 0.07283847650820127 0.1963276836158192 0.01890464275785377
3 0.612111581920904 0.07450653322212955 0.20233050847457626 0.02057269947178204
3 0.8340395480225988 0.07325549068668334 0.2033898305084746 0.021406727828746176
3 0.2379943502824859 0.039616346955796494 0.1942090395480226 0.026966916875173757