3 0.7517494751574527 0.03611266034578918 0.2144856543037089 0.02928053541550474
3 0.17669699090272917 0.0705521472392638 0.1966410076976907 0.02063580591187953
3 0.39573128061581525 0.07027328499721137 0.1994401679496151 0.01728945900725042
3 0.6151154653603919 0.07166759620747351 0.1994401679496151 0.024539877300613498
3 0.836074177746676 0.07138873396542109 0.2046885934219734 0.02063580591187953
3 0.17704688593421974 0.6489124372559956 0.1994401679496151 0.018962632459564976
3 0.3959062281315605 0.6496095928611266 0.19769069279216236 0.022030117122141663
3 0.615815255423373 0.6497490239821528 0.198740377886634 0.018962632459564976
3 0.8343247025892232 0.6514221974344674 0.20258922323303008 0.02063580591187953
2 0.17844646606018194 0.3577802565532627 0.20363890832750176 0.5554935861684328
2 0.39730580825752276 0.3577802565532627 0.20048985304408679 0.5588399330730619
2 0.6172148355493352 0.35973229224762965 0.20363890832750176 0.5610708310094813
2 0.8365990202939119 0.3600111544896821 0.20363890832750176 0.5571667596207474
2 0.17634709587123862 0.8017289459007251 0.20363890832750176 0.2833240379252649
2 0.39275717284814554 0.8008923591745678 0.19769069279216236 0.28165086447295035
2 0.6131910426871938 0.8008923591745678 0.19559132260321904 0.28165086447295035
2 0.8332750174947515 0.8025655326268823 0.2046885934219734 0.2849972113775795