2 0.1674902929756442 0.5136642498605689 0.20649488175079422 0.8672615727830452
2 0.39022237910342394 0.5125488008923592 0.20508295093540416 0.8633575013943112
2 0.6104835863042711 0.22392638036809817 0.20790681256618426 0.2849972113775795
2 0.608365690081186 0.5172894590072504 0.20508295093540416 0.2582264361405466
2 0.6104835863042711 0.8070273284997211 0.20790681256618426 0.27607361963190186
2 0.8318037416166608 0.18432794199665364 0.20790681256618426 0.20803123257110986
2 0.8326861983762796 0.4060234244283324 0.2096717260854218 0.1901840490797546
2 0.8295093540416519 0.6235359732292247 0.2033180374161666 0.19631901840490798
2 0.8307447935051182 0.8439765755716676 0.20578891634309918 0.20273284997211377
3 0.16854924108718672 0.072643614054657 0.20578891634309918 0.027607361963190184
3 0.3881044828803389 0.07236475181260457 0.20790681256618426 0.027049637479085332
3 0.6104835863042711 0.07180702732849972 0.20790681256618426 0.028165086447295037
3 0.8319802329685846 0.07208588957055215 0.2096717260854218 0.027607361963190184
3 0.6106600776561949 0.37911321807027326 0.2096717260854218 0.027607361963190184
3 0.8326861983762796 0.2993586168432794 0.2096717260854218 0.028165086447295037
3 0.833745146487822 0.5133853876185165 0.21320155312389694 0.029001673173452314
3 0.6106600776561949 0.6586726157278304 0.21178962230850687 0.029001673173452314
3 0.8330391810801271 0.7334076965978806 0.21037769149311683 0.03067484662576687
3 0.7583833392163783 0.0373675404350251 0.20437698552770914 0.03179029559397657