2 0.16120507399577166 0.3939014202172097 0.20824524312896406 0.6279587858535227
2 0.3842494714587738 0.5626566416040101 0.2054263565891473 0.29211918685602895
2 0.3842494714587738 0.23823447507658033 0.20331219168428472 0.3088276246170983
2 0.6099365750528541 0.5150375939849624 0.2135306553911205 0.8590921748816486
2 0.8317477096546864 0.5165692007797271 0.21035940803382663 0.8654970760233918
2 0.1671952078928823 0.8393205235310498 0.2124735729386892 0.21386800334168754
2 0.38495419309372797 0.8397382344750766 0.20049330514446795 0.214703425229741
3 0.16472868217054262 0.7229184071289334 0.20754052149400987 0.02227791701475912
3 0.386892177589852 0.72208298524088 0.20648343904157856 0.01893622946254525
3 0.3831923890063425 0.4018379281537176 0.2054263565891473 0.026176552492341965
3 0.16578576462297392 0.07031467557783347 0.20754052149400987 0.023670286828181564
3 0.3842494714587738 0.07128933444722918 0.20331219168428472 0.02227791701475912
3 0.6030655391120507 0.06934001670843776 0.2124735729386892 0.026176552492341965
3 0.8254052149400987 0.07017543859649122 0.20824524312896406 0.02450570871623503
3 0.24541930937279774 0.039543302701197436 0.22656800563777307 0.028404344193817876