2 0.166194188518781 0.18072960178223335 0.20340184266477676 0.19548872180451127
2 0.1731041814316088 0.40350877192982454 0.20729978738483346 0.1993873572820941
2 0.1716867469879518 0.6236424394319131 0.20233876683203403 0.1946532999164578
2 0.1708008504606662 0.842801448064606 0.2083628632175762 0.1946532999164578
2 0.3956413890857548 0.5157337788916736 0.20729978738483346 0.8571428571428571
2 0.6194188518781006 0.5146198830409356 0.21757618710134657 0.8538011695906432
2 0.8389440113394756 0.5157337788916736 0.20942593905031892 0.8571428571428571
3 0.2639971651311127 0.03564466722361459 0.2296243798724309 0.028404344193817876
3 0.1709780297661233 0.07170704539125591 0.1952515946137491 0.019771651350598718
3 0.17133238837703757 0.2922584238373712 0.19737774627923457 0.018100807574491784
3 0.17026931254429484 0.5119743803954331 0.19737774627923457 0.017543859649122806
3 0.17133238837703757 0.7347535505430243 0.19737774627923457 0.021442495126705652
3 0.5024805102763997 0.07170704539125591 0.41885187810063784 0.018100807574491784
3 0.83681785967399 0.07309941520467836 0.19950389794472007 0.018100807574491784