3 0.2339675828047921 0.03906032805115374 0.19661733615221988 0.030859049207673062
3 0.16226215644820297 0.075201556852933 0.19767441860465115 0.01751459549624687
3 0.49365750528541225 0.07422852376980818 0.42283298097251587 0.01834862385321101
3 0.8252290345313601 0.07186544342507645 0.19661733615221988 0.02307478454267445
3 0.16279069767441862 0.29357798165137616 0.20084566596194503 0.01834862385321101
3 0.16560958421423538 0.5152905198776758 0.20084566596194503 0.019738671114817904
3 0.1671952078928823 0.7357520155685293 0.19978858350951373 0.02363080344731721
2 0.16296687808315716 0.18265221017514596 0.19767441860465115 0.19571865443425077
2 0.16613812544045103 0.40353072004448154 0.20190274841437633 0.19877675840978593
2 0.16631430584918958 0.6238532110091743 0.20577871740662437 0.1940505977203225
2 0.16649048625792812 0.8465387823185988 0.2047216349541931 0.19571865443425077
2 0.38742071881606766 0.5164025576869613 0.20894996476391825 0.855435084792883
2 0.6102889358703312 0.5164025576869613 0.21212121212121213 0.8532110091743119
2 0.8280479210711769 0.5141784820683903 0.21775898520084566 0.855435084792883