2 0.17353770260747006 0.3583379810373675 0.20683579985905567 0.5599553820412716
2 0.16930937279774488 0.8020078081427775 0.20331219168428472 0.28555493586168434
2 0.3941155743481325 0.3572225320691578 0.20613107822410148 0.5588399330730619
2 0.3893587033121917 0.8008923591745678 0.19943622269203665 0.2833240379252649
2 0.6102889358703312 0.8014500836586727 0.20155038759689922 0.28555493586168434
2 0.8372093023255814 0.800334634690463 0.21000704721634955 0.28667038482989404
2 0.8365045806906272 0.3570831009481316 0.21000704721634955 0.5607919687674289
2 0.6132840028188865 0.35847741215839374 0.20613107822410148 0.5613496932515337
3 0.1719520789288231 0.07124930284439487 0.20859760394644117 0.028165086447295037
3 0.3928823114869627 0.07097044060234245 0.20930232558139536 0.02649191299498048
3 0.6129316420014095 0.07069157836029001 0.20824524312896406 0.028165086447295037
3 0.8354474982381959 0.06957612939208031 0.20930232558139536 0.027049637479085332
3 0.17212825933756165 0.6503067484662577 0.20754052149400987 0.02844394868934746
3 0.39429175475687106 0.6503067484662577 0.20930232558139536 0.02844394868934746
3 0.6161028893587033 0.6496095928611266 0.20613107822410148 0.028165086447295037
3 0.8363284002818887 0.6486335750139431 0.2054263565891473 0.02844394868934746
3 0.76092318534179 0.033602900167317346 0.20190274841437633 0.0309537088678193