2 0.2697160883280757 0.20552147239263804 0.4153522607781283 0.21862799776910205
2 0.7386961093585699 0.4184327941996654 0.367683140553803 0.15476854433909648
2 0.6864703820539783 0.6346904629113218 0.47563967753242203 0.12994980479643056
2 0.21188222923238695 0.8124651422197434 0.3038906414300736 0.2640825432236475
3 0.24167542937259026 0.03918014500836587 0.20294426919032596 0.02928053541550474
3 0.21083070452155625 0.41174010039040715 0.3003855590606379 0.0822643614054657
3 0.6652646337188924 0.5435025097601784 0.4745881528215913 0.04350250976017847
3 0.7199439186820891 0.3220858895705521 0.33718892393971256 0.03792526491912995
1 0.660708026638626 0.8250139431121026 0.46757798808271994 0.23117679866146124
1 0.19435681738520855 0.5612102621305075 0.3312302839116719 0.21221416620189626
1 0.7383456011216264 0.18000557724484104 0.3662811076060287 0.24623535973229224