2 0.1726568005637773 0.3140116763969975 0.22973925299506695 0.4984709480122324
2 0.4008104298801973 0.2880177926049486 0.18005637773079633 0.32916319154851265
2 0.592847075405215 0.3419516263552961 0.18005637773079633 0.22185154295246037
2 0.4989429175475687 0.5929941618015012 0.3749119097956307 0.1673616902974701
2 0.8202959830866807 0.4445371142618849 0.19802677942212826 0.6972477064220184
3 0.14658210007047218 0.7275507367250487 0.17758985200845667 0.052821795941062
3 0.40856236786469347 0.4867945510147345 0.1927413671599718 0.043369474562135114
3 0.4758632840028189 0.08854601056435919 0.3287526427061311 0.04976369196552683
1 0.5921423537702607 0.16805671392827357 0.17935165609584214 0.10091743119266056
1 0.16437632135306554 0.6216291353906033 0.21035940803382663 0.10731164859605227
1 0.38495419309372797 0.8526549902696692 0.6486962649753347 0.2018348623853211
3 0.6844608879492601 0.04156241312204615 0.09548978153629316 0.029190992493744787