3 0.24912219101123595 0.03870788081314397 0.2285814606741573 0.03007518796992481
3 0.2399929775280899 0.11751601225285435 0.3142556179775281 0.04344193817878028
3 0.20259831460674158 0.3964076858813701 0.2816011235955056 0.07435254803675856
3 0.784936797752809 0.46351991088833194 0.26860955056179775 0.05151768309663046
2 0.28195224719101125 0.2252854358117516 0.3960674157303371 0.16541353383458646
2 0.21734550561797752 0.5626566416040101 0.2633426966292135 0.2247284878863826
2 0.7879213483146067 0.6399331662489557 0.28019662921348315 0.2935115566694514
2 0.30986657303370785 0.8418267891952103 0.4982443820224719 0.1971595655806182
1 0.7893258426966292 0.8682818156502367 0.2675561797752809 0.1392369813422445
1 0.4710323033707865 0.49637983848510164 0.22155898876404495 0.16791979949874686
1 0.679248595505618 0.2247284878863826 0.3304073033707865 0.24060150375939848