2 0.1698446327683616 0.39780005569479254 0.20480225988700565 0.6262879420774158
2 0.1663135593220339 0.8397382344750766 0.2019774011299435 0.2096908939014202
2 0.3900070621468927 0.8397382344750766 0.20586158192090395 0.21136173767752714
2 0.3923022598870056 0.5508214981899192 0.21398305084745764 0.3208020050125313
2 0.3919491525423729 0.22639933166248954 0.211864406779661 0.2834864940128098
2 0.6108757062146892 0.518796992481203 0.2019774011299435 0.8615984405458089
2 0.83545197740113 0.5208855472013367 0.20692090395480225 0.8646616541353384
3 0.1696680790960452 0.7245892509050403 0.1987994350282486 0.020607073238652185
3 0.3905367231638418 0.7237538290169869 0.20268361581920905 0.020607073238652185
3 0.3894774011299435 0.3767752715121136 0.19491525423728814 0.01893622946254525
3 0.3930084745762712 0.07546644388749651 0.1998587570621469 0.02450570871623503
3 0.1698446327683616 0.07518796992481203 0.20480225988700565 0.01893622946254525
3 0.6117584745762712 0.0772765246449457 0.20374293785310735 0.018100807574491784
3 0.8319209039548022 0.0772765246449457 0.2019774011299435 0.019771651350598718
3 0.2575918079096045 0.0403787245892509 0.2298728813559322 0.031746031746031744