3 0.7603911980440098 0.03555493586168433 0.18931191058330424 0.03318460680423871
3 0.17359413202933985 0.07250418293363078 0.19629758994062171 0.016731734523145567
3 0.3899755501222494 0.07208588957055215 0.19455117010129236 0.015895147796988286
3 0.6095005239259518 0.07292247629670942 0.19350331819769473 0.015895147796988286
3 0.8283269297939224 0.07194645844952594 0.1924554662940971 0.018962632459564976
3 0.17359413202933985 0.6501673173452315 0.20048899755501223 0.015895147796988286
3 0.3908487600419141 0.6519799219185722 0.19839329374781697 0.022308979364194088
3 0.6112469437652812 0.6514221974344674 0.20048899755501223 0.02286670384829894
3 0.8326929793922458 0.6515616285554936 0.20537897310513448 0.02147239263803681
2 0.1751659098847363 0.3607083100948132 0.1994411456514146 0.5535415504740658
2 0.3955640936081034 0.3607083100948132 0.20153684945860986 0.5535415504740658
2 0.6124694376528117 0.35987172336865586 0.19734544184421934 0.5552147239263804
2 0.8314704855047154 0.3602900167317345 0.20433112120153685 0.5560513106525377
2 0.8321690534404471 0.8034021193530396 0.2022354173943416 0.2810931399888455
2 0.60880195599022 0.8050752928053542 0.19559902200489 0.28276631344116004
2 0.17307020607754103 0.8046569994422755 0.1994411456514146 0.2836029001673173
2 0.3971358714634998 0.8043781372002231 0.20328326929793922 0.28583379810373677