3 0.17551881814984172 0.07065065624127338 0.2082307421737601 0.027925160569673275
3 0.39570875835385155 0.07023177883272828 0.20963770664790715 0.025970399329796147
3 0.6180091452690819 0.06953364981848646 0.20541681322546607 0.027925160569673275
3 0.8378473443545551 0.06883552080424463 0.2075272599366866 0.02652890254118961
3 0.8381990854730919 0.2978218374755655 0.20963770664790715 0.02764590896397654
3 0.6180091452690819 0.3762915386763474 0.20893422441083362 0.027087405752583078
3 0.8381990854730919 0.5117285674392628 0.20682377769961308 0.02764590896397654
3 0.6190643686246923 0.6558223959787769 0.20893422441083362 0.02764590896397654
3 0.8396060499472389 0.7308014521083496 0.20963770664790715 0.029042166992460205
2 0.177981005979599 0.5117285674392628 0.20682377769961308 0.8648422228427813
2 0.39658811115019343 0.5121474448478078 0.20225114315863524 0.8645629712370846
2 0.612908899050299 0.22018989109187379 0.2001406964474147 0.2828818765707903
2 0.6144917340837144 0.5153588383133203 0.20471333098839253 0.25551521921251047
2 0.6180091452690819 0.8046635018151355 0.2082307421737601 0.27506283161128176
2 0.8334505803728456 0.8427813459927395 0.2001406964474147 0.2010611561016476
2 0.8374956032360182 0.6220329516894723 0.20682377769961308 0.19966489807316393
2 0.8367921209989447 0.40337894442893046 0.2082307421737601 0.190170343479475
2 0.8360886387618712 0.18165316950572466 0.2082307421737601 0.20692543982127898
3 0.7576503693281744 0.03490645071209159 0.2075272599366866 0.026808154146886344