3 0.17209954433929198 0.07403792526491913 0.19908867858394672 0.019799219185722253
3 0.39064143007360674 0.07445621862799777 0.2001402032947774 0.018962632459564976
3 0.610410094637224 0.07166759620747351 0.19593410445145462 0.016731734523145567
3 0.8294777427269541 0.07236475181260457 0.19803715387311602 0.019799219185722253
3 0.831230283911672 0.29880089235917456 0.19593410445145462 0.018126045733407696
3 0.6114616193480547 0.3784160624651422 0.2001402032947774 0.01728945900725042
3 0.8308797756747284 0.5135248187395427 0.20084121976866456 0.02147239263803681
3 0.6140904311251314 0.6575571667596207 0.19908867858394672 0.016731734523145567
3 0.8338590956887487 0.7322922476296709 0.19698562916228532 0.02063580591187953
2 0.17700665965650192 0.5165923034021194 0.20679985979670523 0.8619631901840491
2 0.39695057833859093 0.5146402677077524 0.20084121976866456 0.8614054656999443
2 0.613564668769716 0.8087005019520357 0.2001402032947774 0.2777467930842164
2 0.8333333333333334 0.8449525934188511 0.19803715387311602 0.20022308979364195
2 0.8335085874518051 0.6233965421081985 0.20399579390115669 0.1954824316787507
2 0.6116368734665265 0.5174288901282766 0.20609884332281808 0.25404350250976016
2 0.8319313003855591 0.4060234244283324 0.20294426919032596 0.18851087562744004
2 0.832807570977918 0.1857222532069158 0.20679985979670523 0.20356943669827104
2 0.6118121275849983 0.22378694924707196 0.20504731861198738 0.28583379810373677
3 0.7600771118121276 0.037228109313998885 0.19313003855590608 0.03318460680423871