3 0.15582131551178333 0.07421331105541631 0.2082307421737601 0.02756892230576441
3 0.37565951459725644 0.07309941520467836 0.2082307421737601 0.02756892230576441
3 0.5956735842419979 0.07254246727930938 0.20928596552937037 0.028682818156502365
3 0.8156876538867394 0.07087162350320245 0.2082307421737601 0.028125870231133387
3 0.37776996130847695 0.38777499303815094 0.202602884277172 0.028682818156502365
3 0.15810763278227224 0.7216652742968532 0.2099894477664439 0.026455026455026454
3 0.37794583186774533 0.7216652742968532 0.2099894477664439 0.028125870231133387
2 0.15511783327470982 0.39557226399331663 0.20330636651424552 0.6290726817042607
2 0.15740415054519874 0.8345864661654135 0.20858248329229687 0.2121971595655806
2 0.37354906788603587 0.23071567808409912 0.20541681322546607 0.29935950988582566
2 0.37565951459725644 0.5520746310219995 0.20400984875131903 0.30994152046783624
2 0.37864931410481883 0.834864940128098 0.20858248329229687 0.21442495126705652
2 0.6000703482237073 0.5105820105820106 0.2075272599366866 0.8613199665831245
2 0.8160393950052761 0.5098858256752994 0.20612029546253957 0.859927596769702
3 0.22441083362645092 0.03759398496240601 0.20893422441083362 0.033973823447507656