3 0.7507914175167077 0.034439486893474626 0.22265212803376716 0.02928053541550474
3 0.17288075976081604 0.07236475181260457 0.1959198030249736 0.019799219185722253
3 0.3918396060499472 0.37228109313998886 0.18994020400984876 0.01728945900725042
3 0.17094618360886388 0.4433909648633575 0.18994020400984876 0.018962632459564976
3 0.1707703130495955 0.6645287228109314 0.19169890960253252 0.018962632459564976
3 0.6127330284910306 0.8146960401561628 0.19064368624692227 0.019799219185722253
3 0.8341540626099191 0.7222532069157837 0.19169890960253252 0.02063580591187953
2 0.1739359831164263 0.25808700501952037 0.20576855434400282 0.34997211377579474
2 0.16883573689764333 0.5528443948689348 0.1976785086176574 0.20273284997211377
2 0.17270488920154767 0.810234244283324 0.2117481533591277 0.2724484104852203
2 0.3944776644389729 0.21095928611266035 0.20787900105522336 0.30479643056330175
2 0.39359831164263104 0.6652258784160625 0.20963770664790715 0.5607919687674289
2 0.6141399929651776 0.43195761293920804 0.20963770664790715 0.7484662576687117
2 0.6104467112205417 0.8844116006692694 0.20576855434400282 0.1196319018404908
2 0.8308125219838199 0.38315672058003347 0.20682377769961308 0.6525376464026771
2 0.8311642631023567 0.8392359174567764 0.20189940204009849 0.20998326826547686