3 0.1763981709461836 0.07184628237259816 0.20928596552937037 0.028961292119186854
2 0.17868448821667252 0.3583959899749373 0.2075272599366866 0.5580618212197159
3 0.17850861765740414 0.6495405179615706 0.20858248329229687 0.026455026455026454
2 0.1772775237425255 0.8014480646059593 0.2075272599366866 0.2829295460874408
2 0.39658811115019343 0.3582567529935951 0.21280337671473795 0.5616819827346143
2 0.398698557861414 0.8011695906432749 0.20858248329229687 0.2857142857142857
2 0.6190643686246923 0.3579782790309106 0.20541681322546607 0.5583402951824005
2 0.6209989447766444 0.8006126427179059 0.2106929300035174 0.2812587023113339
2 0.840133661625044 0.3561681982734614 0.20928596552937037 0.5536062378167641
2 0.8397819205065072 0.8006126427179059 0.20928596552937037 0.2834864940128098
3 0.3988744284206824 0.6489835700362017 0.20682377769961308 0.028682818156502365
3 0.6195919803024974 0.6487050960735171 0.20928596552937037 0.02701197438039543
3 0.8394301793879705 0.6487050960735171 0.2099894477664439 0.02701197438039543
3 0.397291593387267 0.07115009746588694 0.21139641224059091 0.02701197438039543
3 0.6185367569468871 0.07115009746588694 0.21139641224059091 0.02756892230576441
3 0.8383749560323602 0.07087162350320245 0.20928596552937037 0.028125870231133387
3 0.7671473795286669 0.0353661932609301 0.20189940204009849 0.03564466722361459