3 0.1684192078513845 0.06985499163413274 0.20785138450753593 0.028165086447295037
3 0.38923939712583244 0.06929726715002789 0.20715036803364878 0.028165086447295037
3 0.6074307746232036 0.06985499163413274 0.21100595864002805 0.02649191299498048
3 0.8284262180161234 0.06957612939208031 0.20855240098142305 0.027607361963190184
3 0.3878373641780582 0.280117122141662 0.20224325271643884 0.02649191299498048
3 0.3878373641780582 0.7187674288901282 0.20855240098142305 0.025934188510875627
3 0.16701717490361023 0.7183491355270496 0.20855240098142305 0.029001673173452314
2 0.16456361724500526 0.3918014500836587 0.2036452856642131 0.6279977691020636
2 0.16456361724500526 0.8335192414947016 0.20785138450753593 0.21528165086447296
2 0.3853838065194532 0.8335192414947016 0.20644935155976166 0.21639709983268265
2 0.3857343147563968 0.17638036809815952 0.20715036803364878 0.19492470719464586
2 0.3843322818086225 0.4987451199107641 0.20434630213810023 0.41745677635248185
2 0.6069050122677883 0.5105967651979922 0.20644935155976166 0.8644729503625209
2 0.8273746933052927 0.5108756274400447 0.20294426919032596 0.8639152258784161
3 0.23834560112162637 0.0352760736196319 0.20189274447949526 0.02928053541550474