2 0.318546978693678 0.24074074074074073 0.25148445686342996 0.3288777499303815
2 0.6194551170101292 0.3958507379560011 0.2371638141809291 0.5316067947646895
2 0.25602514844568636 0.48106377053745475 0.3311212015368495 0.06878306878306878
2 0.25881942018861337 0.8294346978557505 0.33042263360111773 0.1974380395433027
2 0.7198742577715683 0.8251183514341409 0.4289207125392944 0.10192147034252297
2 0.7196996157876353 0.9131161236424394 0.42857142857142855 0.05959342801448064
1 0.13342647572476424 0.16861598440545808 0.09221096751659098 0.1060985797827903
1 0.13587146349982535 0.29699248120300753 0.09919664687390849 0.10776942355889724
1 0.8639538945162417 0.2037037037037037 0.21830247991617185 0.14007240323029796
1 0.8655256723716381 0.37287663603453075 0.22144603562696472 0.14090782511835143
1 0.3779252532308767 0.6091617933723197 0.15787635347537549 0.13227513227513227
3 0.2382116660845267 0.7050960735171261 0.28780998952148096 0.04344193817878028
3 0.6819769472581209 0.7470064049011418 0.34474327628361856 0.029239766081871343
3 0.23873559203632552 0.0607073238652186 0.3307719175689836 0.0278473962684489
3 0.6756898358365351 0.10526315789473684 0.34264757247642336 0.0378724589250905