2 0.16979129819596744 0.5760233918128655 0.20870180403254332 0.6374269005847953
2 0.4306685532366466 0.16485658590921748 0.19136894234170498 0.15483152325257588
2 0.434736469755925 0.33987747145641883 0.19525999292536259 0.18072960178223335
2 0.4336752741422002 0.4956836535783904 0.19455252918287938 0.11417432470064048
2 0.4340290060134418 0.6755778334725703 0.19384506544039617 0.23447507658033973
2 0.4340290060134418 0.8441938178780284 0.19808984789529538 0.08827624617098301
2 0.6351255748142908 0.11876914508493455 0.1871241598868058 0.11556669451406293
3 0.43155288291475064 0.07226399331662489 0.19596745666784576 0.028125870231133387
3 0.6372479660417404 0.1886661097187413 0.1885390873717722 0.02756892230576441
2 0.6360099044923948 0.2521581732108048 0.1917226742129466 0.1161236424394319
2 0.6365405022992572 0.37942077415761627 0.1871241598868058 0.1267056530214425
2 0.6328263176512203 0.49359509885825675 0.18111071807569862 0.0860484544695071
2 0.6365405022992572 0.588833194096352 0.19136894234170498 0.08660540239487607
2 0.6379554297842236 0.708994708994709 0.19136894234170498 0.14090782511835143
2 0.6324725857799788 0.8233082706766918 0.17898832684824903 0.07602339181286549
3 0.6397240891404316 0.8751044277360067 0.1871241598868058 0.025341130604288498
2 0.6390166253979483 0.911166805903648 0.19066147859922178 0.0607073238652186
2 0.8431199151043509 0.170843776106934 0.19136894234170498 0.22082985240879976
2 0.8429430491687301 0.3464216095795043 0.19384506544039617 0.1136173767752715
2 0.8429430491687301 0.47354497354497355 0.1924301379554298 0.1261487050960735
2 0.8441811107180757 0.6240601503759399 0.19066147859922178 0.15594541910331383
2 0.8471878316236293 0.7623224728487886 0.19667492041032897 0.10999721526037315
3 0.8455960382030421 0.8350041771094403 0.1857092324018394 0.025341130604288498
2 0.844711708524938 0.8909774436090225 0.1917226742129466 0.09941520467836257
3 0.14025468694729396 0.23071567808409912 0.15387336399009552 0.048175995544416594
1 0.13264945171559958 0.15204678362573099 0.11673151750972763 0.0935672514619883