3 0.17921209989447767 0.06799776598715443 0.2099894477664439 0.025970399329796147
3 0.3995779106577559 0.06855626919854789 0.20963770664790715 0.027087405752583078
3 0.6218782975729863 0.06771851438145769 0.2075272599366866 0.027087405752583078
3 0.8417164966584594 0.06716001117006423 0.2075272599366866 0.025970399329796147
3 0.1822018994020401 0.6475844736107232 0.2082307421737601 0.028483663781066742
3 0.4013366162504397 0.6475844736107232 0.2082307421737601 0.028483663781066742
3 0.6229335209285966 0.6463278413850879 0.20682377769961308 0.02764590896397654
3 0.8441786844882166 0.6463278413850879 0.2082307421737601 0.027087405752583078
2 0.17833274709813576 0.3553476682490924 0.2082307421737601 0.5593409662105557
2 0.18132254660569821 0.7990784697012008 0.2106929300035174 0.2828818765707903
2 0.39852268730214563 0.3550684166433957 0.20471333098839253 0.5598994694219491
2 0.3988744284206824 0.7976822116727171 0.20541681322546607 0.28176487014800333
2 0.61712979247274 0.35339290700921533 0.1994372142103412 0.5587824629991622
2 0.6217024270137179 0.7955878246299917 0.2099894477664439 0.2786931024853393
2 0.8410130144213859 0.7976822116727171 0.20612029546253957 0.28399888299357723
2 0.8373197326767499 0.35241552638927676 0.20084417868448823 0.5557106953364982
3 0.7594090749208583 0.0332309410779112 0.2124516355962012 0.026808154146886344