3 0.1632260321903429 0.07097044060234245 0.2053883834849545 0.027607361963190184
3 0.3836599020293912 0.07250418293363078 0.20678796361091673 0.02844394868934746
3 0.6019944016794961 0.07236475181260457 0.2053883834849545 0.027049637479085332
3 0.8213785864240728 0.07208588957055215 0.20678796361091673 0.027607361963190184
3 0.38156053184044786 0.4003067484662577 0.20258922323303008 0.02649191299498048
3 0.16200139958012597 0.7203011712214166 0.2085374387683695 0.02844394868934746
3 0.3820853743876837 0.721834913552705 0.20783764870538837 0.028165086447295037
2 0.1595521343596921 0.39459007250418293 0.1994401679496151 0.6285554935861685
2 0.1609517144856543 0.835750139431121 0.20713785864240727 0.2158393753485778
2 0.3820853743876837 0.835750139431121 0.20783764870538837 0.2158393753485778
2 0.37876137158852347 0.559537088678193 0.20118964310706788 0.30089235917456775
2 0.38313505948215537 0.23675404350250975 0.20713785864240727 0.31344116006692696
2 0.6012946116165151 0.5131065253764641 0.2039888033589923 0.8633575013943112
2 0.8210286913925823 0.5149191299498048 0.20188943317004898 0.8680981595092024
3 0.23792862141357593 0.03485778025655326 0.20363890832750176 0.02844394868934746