2 0.17490361023484052 0.514317486794551 0.20679985979670523 0.8612732832916319
2 0.3934454959691553 0.5145954962468724 0.20224325271643884 0.8618293021962746
2 0.6116368734665265 0.22532666110647762 0.2103049421661409 0.28440366972477066
2 0.610410094637224 0.5180706144008896 0.2036452856642131 0.25549068668334723
2 0.6133894146512443 0.8058103975535168 0.20679985979670523 0.27606338615512926
2 0.8273746933052927 0.18418126216291353 0.20504731861198738 0.20544898526549904
2 0.8298282509638977 0.4063108145676953 0.2057483350858745 0.19043647484014456
2 0.8305292674377848 0.623575201556853 0.20224325271643884 0.19627467333889353
2 0.8342096039256922 0.8430636641645816 0.20679985979670523 0.2004448151237142
3 0.1728005608131791 0.07492354740061162 0.20679985979670523 0.029190992493744787
3 0.3911671924290221 0.07408951904364748 0.20960392569225378 0.027522935779816515
3 0.61198738170347 0.07353350013900473 0.20960392569225378 0.029190992493744787
3 0.8321065545040308 0.07297748123436197 0.20890290921836663 0.029190992493744787
3 0.8331580792148615 0.2992771754239644 0.20960392569225378 0.029190992493744787
3 0.6123378899404136 0.3787878787878788 0.21240799158780233 0.026966916875173757
3 0.6137399228881879 0.6572143452877398 0.20750087627059235 0.029469001946066165
3 0.8331580792148615 0.512510425354462 0.20890290921836663 0.02807895468445927
3 0.8349106203995794 0.7315818737837086 0.2082018927444795 0.02807895468445927
3 0.7558710129688048 0.03711426188490409 0.20855240098142305 0.038087294968028915