2 0.16854924108718672 0.3577802565532627 0.20861277797387928 0.5610708310094813
2 0.3903988704553477 0.3588957055214724 0.2004941757853865 0.5633017289459007
2 0.6115425344158136 0.35750139431121025 0.20578891634309918 0.5605131065253764
2 0.8335686551358984 0.3583379810373675 0.20649488175079422 0.5633017289459007
2 0.1678432756794917 0.7997769102063581 0.20790681256618426 0.2849972113775795
2 0.3888104482880339 0.8020078081427775 0.20649488175079422 0.2861126603457892
2 0.6085421814331098 0.8020078081427775 0.2026120720084716 0.2861126603457892
2 0.832333215672432 0.8020078081427775 0.21037769149311683 0.2872281093139989
3 0.1687257324391105 0.6497490239821528 0.2096717260854218 0.02844394868934746
3 0.3895164136957289 0.6493307306190742 0.2093187433815743 0.027607361963190184
3 0.6111895517119661 0.6508644729503625 0.2093187433815743 0.02844394868934746
3 0.8328626897282033 0.6497490239821528 0.20861277797387928 0.02844394868934746
3 0.16925520649488174 0.07069157836029001 0.20861277797387928 0.027049637479085332
3 0.391634309918814 0.07069157836029001 0.2093187433815743 0.028165086447295037
3 0.6129544652312037 0.07083100948131622 0.20861277797387928 0.02844394868934746
3 0.8339216378397458 0.07236475181260457 0.20861277797387928 0.028165086447295037
3 0.7638545711260148 0.034439486893474626 0.20543593363925167 0.03708867819297267