2 0.829854969932791 0.32138873396542106 0.20374955783516094 0.4782487451199108
2 0.4969932790944464 0.5164528722810932 0.23275557127697205 0.19576129392080313
2 0.2614078528475416 0.243446737311768 0.4025468694729395 0.15448968209704406
3 0.26176158471878314 0.13092582264361405 0.40679165192783867 0.06107083100948132
3 0.433852140077821 0.3976575571667596 0.1927838698266714 0.04182933630786392
3 0.4571984435797665 0.6685722253206916 0.5472232048107535 0.04043502509760179
2 0.29713477184294307 0.7870886781929727 0.2752033958259639 0.16536530953708867
1 0.2212592854616201 0.5054378137200223 0.2741422002122391 0.2445621862799777
1 0.672798019101521 0.8367261572783046 0.4117438981252211 0.24233128834355827
1 0.5638486027591086 0.2105409927495817 0.1556420233463035 0.19631901840490798
3 0.23505482844004244 0.038761851645287226 0.1927838698266714 0.02844394868934746