3 0.17270826071802023 0.0748745119910764 0.1969327291739282 0.018126045733407696
3 0.1716626002091321 0.4347462353597323 0.18717323109097248 0.018962632459564976
3 0.17584524224468456 0.6772169548243168 0.18926455210874868 0.01422197434467373
3 0.3895085395608226 0.3633575013943112 0.18717323109097248 0.016731734523145567
3 0.7427675148135239 0.037785833798103734 0.2258626699198327 0.0309537088678193
3 0.8297316138027188 0.5694366982710541 0.1899616591146741 0.01728945900725042
3 0.6124085047054723 0.7230897936419409 0.19309864064133844 0.01728945900725042
2 0.1753224119902405 0.2543223647518126 0.21401185081910074 0.3390964863357501
2 0.17392819797838968 0.5567484662576687 0.2049494597420704 0.22169548243167875
2 0.17183687696061345 0.8170663692136084 0.19518996165911467 0.2543223647518126
2 0.3959567793656326 0.6599274958170663 0.2119205298013245 0.571946458449526
2 0.3884628790519345 0.20886781929726714 0.1969327291739282 0.29392080312325713
2 0.6150226559776926 0.38496932515337423 0.20808644126873474 0.651143335192415
2 0.6144998257232486 0.8381204684885667 0.2049494597420704 0.21221416620189626
2 0.8313001045660509 0.7612939208031233 0.2049494597420704 0.36586726157278304
2 0.8307772743116069 0.30925822643614054 0.20599512025095854 0.4997211377579476