3 0.7448300035050823 0.034439486893474626 0.2257273045916579 0.02928053541550474
3 0.16649141254819488 0.06915783602900168 0.20189274447949526 0.02286670384829894
3 0.385559060637925 0.06692693809258227 0.20189274447949526 0.024539877300613498
3 0.6053277252015422 0.06915783602900168 0.20399579390115669 0.024539877300613498
3 0.8293024886084823 0.07041271611823759 0.20189274447949526 0.022030117122141663
3 0.827900455660708 0.2982431678750697 0.19908867858394672 0.022030117122141663
3 0.6058534875569576 0.37646402677077523 0.20084121976866456 0.02286670384829894
3 0.8268489309498773 0.5122699386503068 0.19908867858394672 0.02063580591187953
3 0.6060287416754294 0.6549079754601227 0.19908867858394672 0.018126045733407696
3 0.8264984227129337 0.7306190741773564 0.19418156326673677 0.018962632459564976
2 0.16859446196985628 0.5110150585610709 0.20189274447949526 0.8619631901840491
2 0.38958990536277605 0.5093418851087562 0.19803715387311602 0.8619631901840491
2 0.6063792499123729 0.22085889570552147 0.20399579390115669 0.2833240379252649
2 0.607956536978619 0.5161740100390407 0.20294426919032596 0.25655326268823203
2 0.6076060287416755 0.803680981595092 0.2001402032947774 0.27718906860011155
2 0.8273746933052927 0.18293363078639152 0.2001402032947774 0.2041271611823759
2 0.8266736768314056 0.40448968209704406 0.20294426919032596 0.1899051868377022
2 0.8252716438836313 0.6213050752928053 0.19803715387311602 0.1946458449525934
2 0.8257974062390466 0.8410485220301172 0.19698562916228532 0.20022308979364195