3 0.16303200844178684 0.07417735638594534 0.20858248329229687 0.029559397657557166
3 0.49296517762926484 0.072643614054657 0.43017938797045374 0.02649191299498048
3 0.8228983468167429 0.07236475181260457 0.20928596552937037 0.027049637479085332
3 0.16338374956032362 0.29406023424428335 0.20647203658107632 0.025934188510875627
3 0.16443897291593387 0.5154768544339097 0.20717551881814983 0.02649191299498048
3 0.16654941962715442 0.7380089235917456 0.20858248329229687 0.025376464026770774
2 0.15863524446007737 0.18070273284997213 0.20330636651424552 0.19854991634132738
2 0.16232852620471333 0.4029559397657557 0.20576855434400282 0.19910764082543222
2 0.16232852620471333 0.6257668711656442 0.20787900105522336 0.20022308979364195
2 0.1667252901864228 0.8471834913552705 0.21456208230742174 0.2007808142777468
2 0.3862117481533591 0.5154768544339097 0.2124516355962012 0.8575013943112103
2 0.6044671122054168 0.5167317345231456 0.20787900105522336 0.8544339096486335
2 0.8255364052057685 0.5151979921918572 0.2131551178332747 0.8580591187953152
3 0.23091804431938093 0.036391522587841604 0.20787900105522336 0.03318460680423871