1 0.8137289325842697 0.7776385407964356 0.2285814606741573 0.15288220551378445
2 0.23946629213483145 0.26900584795321636 0.26825842696629215 0.10192147034252297
2 0.5203651685393258 0.2624617098301309 0.2640449438202247 0.08660540239487607
2 0.24104634831460675 0.5559732664995823 0.26860955056179775 0.30158730158730157
2 0.24051966292134833 0.8703703703703703 0.2654494382022472 0.15288220551378445
2 0.5205407303370787 0.5100250626566416 0.26439606741573035 0.2603731551099972
2 0.5247542134831461 0.8361180729601783 0.269311797752809 0.21915900863269283
2 0.8037219101123596 0.15942634363686994 0.21629213483146068 0.048175995544416594
2 0.8103932584269663 0.24644945697577275 0.22963483146067415 0.1113895850737956
2 0.8110955056179775 0.4068504594820384 0.22823033707865167 0.19381787802840433
2 0.8107443820224719 0.5697577276524645 0.22893258426966293 0.11417432470064048
3 0.19399578651685392 0.7293233082706767 0.16678370786516855 0.02450570871623503
3 0.46611657303370785 0.6627680311890838 0.14360955056179775 0.02450570871623503
3 0.44417134831460675 0.32776385407964354 0.0997191011235955 0.02227791701475912
3 0.17275280898876405 0.34307992202729043 0.12570224719101122 0.02450570871623503
3 0.230688202247191 0.373572820941242 0.24367977528089887 0.03480924533556112
3 0.5214185393258427 0.35157337788916737 0.2563202247191011 0.025341130604288498
3 0.5191362359550562 0.691868560289613 0.24754213483146068 0.03648008911166806
3 0.7801966292134831 0.6605402394876079 0.16151685393258428 0.037315510999721524
2 0.8047752808988764 0.8802561960456697 0.20856741573033707 0.039543302701197436
3 0.8016151685393258 0.10025062656641603 0.20575842696629212 0.056251740462266775
3 0.6927668539325843 0.03870788081314397 0.1776685393258427 0.031746031746031744
1 0.2440308988764045 0.13464216095795042 0.26264044943820225 0.1361737677527151
1 0.523876404494382 0.13505987190197716 0.2633426966292135 0.13700918964076858