3 0.6005958640028041 0.0705521472392638 0.20855240098142305 0.029559397657557166
3 0.8189624956186471 0.06985499163413274 0.20855240098142305 0.02649191299498048
3 0.8205397826848931 0.6543502509760178 0.20890290921836663 0.027049637479085332
2 0.8189624956186471 0.8025655326268823 0.2057483350858745 0.2777467930842164
2 0.5995443392919734 0.5101784718349136 0.20644935155976166 0.862520914668154
2 0.8200140203294778 0.3618237590630229 0.20785138450753593 0.5635805911879531
1 0.14914125481948826 0.2643614054656999 0.17700665965650192 0.17568321249302846
1 0.15124430424114968 0.4927495817066369 0.17910970907816334 0.162297824874512
2 0.3378899404135997 0.4647239263803681 0.18016123378899404 0.11070831009481316
2 0.2667367683140554 0.20384829894032347 0.32457062740974413 0.17791411042944785
3 0.694006309148265 0.03513664249860569 0.20189274447949526 0.026213050752928055