2 0.16871488764044945 0.12406015037593984 0.20751404494382023 0.0682261208576998
2 0.1641502808988764 0.20008354218880534 0.19838483146067415 0.05764411027568922
2 0.1660814606741573 0.27137287663603454 0.20084269662921347 0.055973266499582286
2 0.16502808988764045 0.35505430242272346 0.20435393258426968 0.07964355332776385
2 0.16836376404494383 0.43762183235867447 0.20962078651685392 0.05485937064884433
2 0.16695926966292135 0.5094681147312726 0.20821629213483145 0.05485937064884433
2 0.16643258426966293 0.5815928710665553 0.2029494382022472 0.05764411027568922
2 0.16836376404494383 0.6698691172375383 0.20821629213483145 0.06878306878306878
2 0.16713483146067415 0.7497911445279867 0.2029494382022472 0.056530214424951264
2 0.16116573033707865 0.8208020050125313 0.19382022471910113 0.0582010582010582
2 0.16643258426966293 0.9164578111946533 0.20575842696629212 0.05959342801448064
3 0.1697682584269663 0.6237816764132553 0.2110252808988764 0.031189083820662766
3 0.390625 0.5472013366750209 0.21242977528089887 0.028961292119186854
3 0.6097261235955056 0.285296574770259 0.21032303370786518 0.028682818156502365
3 0.8302317415730337 0.2252854358117516 0.2110252808988764 0.028961292119186854
3 0.6104283707865169 0.8394597605123921 0.2089185393258427 0.028682818156502365
2 0.3813202247191011 0.11904761904761904 0.19241573033707865 0.055973266499582286
2 0.3851825842696629 0.18880534670008353 0.20154494382022473 0.07964355332776385
2 0.3811446629213483 0.2699805068226121 0.19487359550561797 0.0582010582010582
2 0.38535814606741575 0.3414090782511835 0.20049157303370788 0.0807574491785018
2 0.38957162921348315 0.42286271233639655 0.20751404494382023 0.055973266499582286
2 0.38764044943820225 0.4930381509328878 0.2050561797752809 0.055973266499582286
2 0.3885182584269663 0.5885547201336675 0.20821629213483145 0.05708716235032024
2 0.386938202247191 0.6448064605959343 0.20224719101123595 0.05541631857421331
2 0.3888693820224719 0.715817321080479 0.20751404494382023 0.055973266499582286
2 0.3865870786516854 0.7846003898635477 0.20575842696629212 0.05541631857421331
2 0.38957162921348315 0.8618769145084935 0.2089185393258427 0.0707323865218602
2 0.37991573033707865 0.9262043998886104 0.18820224719101122 0.03230297967140072
2 0.6062148876404494 0.07964355332776385 0.1990870786516854 0.03341687552213868
2 0.6076193820224719 0.1477304372041214 0.20751404494382023 0.0682261208576998
2 0.6042837078651685 0.22570314675577832 0.20084269662921347 0.0582010582010582
2 0.6072682584269663 0.33430799220272905 0.20821629213483145 0.06878306878306878
2 0.6086727528089888 0.399192425508215 0.2110252808988764 0.055973266499582286
2 0.6079705056179775 0.4809245335561125 0.20821629213483145 0.08020050125313283
2 0.6063904494382022 0.5687830687830688 0.2050561797752809 0.0682261208576998
2 0.6076193820224719 0.6443887496519075 0.21032303370786518 0.06015037593984962
2 0.609375 0.716931216931217 0.20821629213483145 0.05708716235032024
2 0.6083216292134831 0.7846003898635477 0.20751404494382023 0.05541631857421331
2 0.602001404494382 0.8908382066276803 0.19487359550561797 0.08020050125313283
2 0.8223314606741573 0.0923141186299081 0.19382022471910113 0.056530214424951264
2 0.8295294943820225 0.16471734892787523 0.20821629213483145 0.058758006126427176
2 0.8286516853932584 0.27137287663603454 0.20646067415730338 0.055973266499582286
2 0.8298806179775281 0.3409913673071568 0.2089185393258427 0.05764411027568922
2 0.8312851123595506 0.40531885268727375 0.2089185393258427 0.04483430799220273
2 0.8209269662921348 0.4752158173210805 0.19101123595505617 0.06878306878306878
2 0.8246137640449438 0.5459482038429407 0.19978932584269662 0.04427736006683375
2 0.8283005617977528 0.6105541631857422 0.20435393258426968 0.05541631857421331
2 0.8284761235955056 0.6804511278195489 0.20751404494382023 0.055973266499582286
2 0.8268960674157303 0.7500696184906711 0.20435393258426968 0.055973266499582286
2 0.8261938202247191 0.8210804789752159 0.20435393258426968 0.058758006126427176
2 0.8286516853932584 0.8795600111389585 0.20646067415730338 0.058758006126427176
3 0.6560744382022472 0.035505430242272346 0.09866573033707865 0.03313840155945419