2 0.17600422832980972 0.5146402677077524 0.20613107822410148 0.8641940881204685
2 0.3944679351656096 0.5147796988287786 0.20331219168428472 0.8633575013943112
2 0.615045806906272 0.22559955382041272 0.2054263565891473 0.2849972113775795
2 0.616983791402396 0.5188232013385388 0.20930232558139536 0.258505298382599
2 0.6161028893587033 0.8085610708310095 0.20754052149400987 0.277467930842164
2 0.8373854827343199 0.18516452872281094 0.20754052149400987 0.20524261015058562
2 0.8359760394644116 0.4086726157278305 0.2047216349541931 0.19213608477412158
2 0.8352713178294574 0.6240936977133296 0.20613107822410148 0.19576129392080313
2 0.8349189570119803 0.8466257668711656 0.20260747004933052 0.2041271611823759
3 0.17706131078224102 0.07445621862799777 0.20824524312896406 0.03011712214166202
3 0.39693446088794926 0.07459564974902398 0.20824524312896406 0.028165086447295037
3 0.618569415081043 0.07459564974902398 0.20824524312896406 0.028165086447295037
3 0.837737843551797 0.07501394311210262 0.20824524312896406 0.02844394868934746
3 0.8380902043692742 0.3024261015058561 0.20754052149400987 0.028165086447295037
3 0.616631430584919 0.3800892359174568 0.21000704721634955 0.029559397657557166
3 0.8361522198731501 0.5156162855549359 0.21071176885130374 0.03234802007808143
3 0.6159267089499648 0.6604852203011712 0.21000704721634955 0.027607361963190184
3 0.8365045806906272 0.7360568878973787 0.20859760394644117 0.028165086447295037
3 0.7660324171952079 0.038064696040156165 0.20014094432699084 0.03653095370886782