2 0.7327977645826057 0.20356943669827104 0.3751309814879497 0.25153374233128833
2 0.24641983932937478 0.4113218070273285 0.3782745371987426 0.18014500836586725
2 0.6108976597974153 0.6846068042387061 0.5225288159273489 0.12771890686001117
2 0.7244149493538247 0.481037367540435 0.3597624869018512 0.1388733965421082
2 0.1608452672022354 0.8287785833798104 0.20712539294446386 0.2091466815393196
3 0.2315752706950751 0.03918014500836587 0.20537897310513448 0.02928053541550474
3 0.24449877750611246 0.294478527607362 0.3681453021306322 0.047406581148912434
3 0.6018162766329026 0.5939765755716676 0.5148445686342997 0.049079754601226995
3 0.15892420537897312 0.6975738984941439 0.20048899755501223 0.04210819854991634
3 0.5946559552916522 0.39696040156162854 0.09814879497031086 0.025376464026770774
1 0.24903946908836885 0.16327384272169548 0.35906391896611944 0.19492470719464586
1 0.614565141460007 0.8736754043502509 0.511002444987775 0.2392638036809816