2 0.16298633017875921 0.17919799498746866 0.20539782684893096 0.19855193539404065
2 0.16649141254819488 0.40309106098579783 0.20750087627059235 0.1996658312447786
2 0.1640378548895899 0.6241993873572821 0.20539782684893096 0.19910888331940962
2 0.16579039607430773 0.8450292397660819 0.20750087627059235 0.19855193539404065
2 0.3841570276901507 0.5160122528543581 0.20960392569225378 0.858256752993595
2 0.6042762004907115 0.5146198830409356 0.20399579390115669 0.8565859092174881
2 0.825446898002103 0.5168476747424116 0.20679985979670523 0.8565859092174881
3 0.16473887136347704 0.07337788916736285 0.20539782684893096 0.02701197438039543
3 0.4945671223273747 0.07337788916736285 0.4262180161233789 0.025898078529657476
3 0.8250963897651595 0.07282094124199387 0.20750087627059235 0.02701197438039543
3 0.16579039607430773 0.2932330827067669 0.20750087627059235 0.029518240044555832
3 0.16579039607430773 0.5129490392648287 0.20750087627059235 0.029518240044555832
3 0.16543988783736419 0.7355889724310777 0.2082018927444795 0.028125870231133387
3 0.24710830704521555 0.036758563074352546 0.21521205748335087 0.026176552492341965