2 0.16312303938654585 0.1187100361412288 0.18821889159986058 0.11453989435640811
2 0.1650400836528407 0.2581317764804003 0.18926455210874868 0.15373922713372254
2 0.16573719065876613 0.38671114817903807 0.19205298013245034 0.08673894912427023
2 0.16713140467061693 0.48748957464553794 0.18926455210874868 0.09813733666944677
3 0.16730568142209828 0.5508757297748124 0.18194492854653188 0.02418682235195997
2 0.16852561868246776 0.609257714762302 0.1906587661205995 0.10147345009730331
2 0.16678285116765423 0.7294968028912983 0.1899616591146741 0.1289963858771198
2 0.16660857441617288 0.8651654156241312 0.18543046357615894 0.1278843480678343
2 0.6896131056117114 0.835696413678065 0.40397350993377484 0.20795107033639143
2 0.3661554548623214 0.14428690575479566 0.18856744510282328 0.16680567139282734
3 0.3656326246078773 0.23978315262718933 0.18752178459393518 0.026966916875173757
2 0.36580690135935867 0.31317764804003334 0.18926455210874868 0.1292743953294412
2 0.3612757058208435 0.4332777314428691 0.1753224119902405 0.10258548790658882
2 0.3685953293830603 0.5468445927161524 0.19205298013245034 0.1162079510703364
3 0.3691181596375044 0.6159299416180151 0.18543046357615894 0.026410897970531
2 0.3684210526315789 0.6616624965248818 0.18543046357615894 0.07228245760355852
2 0.5653537818055071 0.12343619683069225 0.18194492854653188 0.1278843480678343
3 0.5684907633321715 0.19863775368362524 0.1833391425583827 0.029190992493744787
2 0.5625653537818055 0.24464831804281345 0.17497385848727778 0.07561857103141507
2 0.5653537818055071 0.32360300250208507 0.18194492854653188 0.07561857103141507
2 0.5711049146043917 0.44439810953572423 0.18926455210874868 0.15540728384765082
2 0.5636110142906936 0.5596330275229358 0.17218543046357615 0.061718098415346125
2 0.5721505751132799 0.6469279955518488 0.19275008713837574 0.10397553516819572
3 0.7931334959916347 0.0699193772588268 0.2046009062391077 0.026410897970531
2 0.793307772743116 0.20294690019460662 0.18612757058208435 0.21962746733388935
2 0.7938306029975601 0.4314706700027801 0.18089926803764378 0.22129552404781763
2 0.7920878354827466 0.6191270503197108 0.17741373300801674 0.13733666944676118
1 0.39369118159637506 0.8550180706144009 0.18159637504356918 0.14651098137336668
3 0.387242941791565 0.7529886016124548 0.18682467758800975 0.054767862107311646
3 0.6864761240850471 0.03252710592160134 0.16765423492506099 0.0316930775646372