3 0.6055126404494382 0.07031467557783347 0.20821629213483145 0.028125870231133387
3 0.8265449438202247 0.06975772765246449 0.2071629213483146 0.025898078529657476
2 0.6055126404494382 0.5107212475633528 0.20962078651685392 0.8638262322472848
2 0.8233848314606742 0.36006683375104426 0.2050561797752809 0.5625174046226677
2 0.8258426966292135 0.8022834864940128 0.20575842696629212 0.27958785853522694
3 0.8274227528089888 0.6531606794764689 0.2089185393258427 0.02701197438039543
1 0.11569522471910113 0.7387914230019493 0.09796348314606741 0.09746588693957114
1 0.25649578651685395 0.24867724867724866 0.3753511235955056 0.22333611807296017
3 0.2264747191011236 0.10679476468950153 0.32724719101123595 0.047619047619047616
2 0.2714185393258427 0.4369256474519632 0.41502808988764045 0.0885547201336675
2 0.269311797752809 0.5428849902534113 0.41713483146067415 0.10442773600668337
2 0.32478932584269665 0.7456140350877193 0.3103932584269663 0.113895850737956
2 0.26896067415730335 0.8783068783068783 0.4101123595505618 0.12587023113338902
3 0.24490870786516855 0.03717627401837928 0.2166432584269663 0.025341130604288498