2 0.19115574348132489 0.38220551378446116 0.2653276955602537 0.37009189640768586
2 0.461768851303735 0.3163464216095795 0.2653276955602537 0.5073795600111389
2 0.7741367159971811 0.1705653021442495 0.3037350246652572 0.12280701754385964
2 0.16508104298801973 0.8731551099972152 0.21176885130373502 0.15566694514062934
2 0.38054968287526425 0.8723196881091618 0.204369274136716 0.15622389306599832
2 0.6051797040169133 0.7848788638262323 0.21176885130373502 0.32943469785575047
2 0.8254052149400987 0.7823725981620718 0.21106412966878083 0.3311055416318574
1 0.2741367159971811 0.6886661097187413 0.4319943622269204 0.19103313840155944
1 0.7755461592670895 0.41283764967975495 0.3107822410147992 0.31272626009468113
1 0.18886539816772374 0.1317181843497633 0.26356589147286824 0.13700918964076858
3 0.662262156448203 0.08632692843219159 0.0821000704721635 0.042884990253411304