2 0.17468398876404495 0.30775646371976645 0.20751404494382023 0.4576035585209897
2 0.17099719101123595 0.6618015012510425 0.20154494382022473 0.2165693633583542
2 0.17222612359550563 0.8632193494578816 0.206811797752809 0.15846538782318598
2 0.39308286516853935 0.2689741451209341 0.20259831460674158 0.4245204336947456
2 0.3944873595505618 0.718932443703086 0.206811797752809 0.4470391993327773
2 0.6146418539325843 0.44203502919099247 0.2033005617977528 0.7717542396441479
2 0.6025280898876404 0.8925493466777871 0.18820224719101122 0.10202946900194607
2 0.8344452247191011 0.3623853211009174 0.20259831460674158 0.6080066722268557
2 0.8333918539325843 0.8120656102307479 0.20610955056179775 0.2596608284681679
3 0.1778441011235955 0.07214345287739783 0.20821629213483145 0.027522935779816515
3 0.17310393258426968 0.5472616068946344 0.20014044943820225 0.02863497358910203
3 0.39343398876404495 0.4883236030025021 0.20189606741573032 0.026966916875173757
3 0.17345505617977527 0.7768974145120934 0.19803370786516855 0.026966916875173757
3 0.6120084269662921 0.8363914373088684 0.199438202247191 0.02418682235195997
3 0.8346207865168539 0.6748679455101474 0.199438202247191 0.026410897970531
3 0.7638693820224719 0.036836252432582706 0.20189606741573032 0.030859049207673062