3 0.6051615168539326 0.0732386521860206 0.20751404494382023 0.028961292119186854
2 0.604810393258427 0.5123920913394597 0.20821629213483145 0.8649401280980228
3 0.8246137640449438 0.0732386521860206 0.20751404494382023 0.028961292119186854
2 0.8256671348314607 0.36257309941520466 0.20962078651685392 0.5630743525480367
3 0.8251404494382022 0.6576162628794208 0.20575842696629212 0.028125870231133387
2 0.8249648876404494 0.8052074631021999 0.20962078651685392 0.27930938457254245
3 0.23700842696629212 0.03522695627958786 0.20646067415730338 0.030910609857978277
3 0.23349719101123595 0.10178223336118072 0.31741573033707865 0.04204956836535784
3 0.25842696629213485 0.5782511835143415 0.30547752808988765 0.04204956836535784
2 0.3188202247191011 0.20774157616262878 0.18258426966292135 0.13868003341687551
2 0.25298455056179775 0.4859370648844333 0.38026685393258425 0.07908660540239487