2 0.22216349541930938 0.6384551031790295 0.3167723749119098 0.11349693251533742
2 0.22163495419309373 0.7527886224205242 0.31360112755461594 0.10178471834913552
2 0.21987315010570824 0.8402119353039599 0.31007751937984496 0.06023424428332404
2 0.21881606765327696 0.9079754601226994 0.3079633544749824 0.06079196876742889
2 0.5405214940098662 0.6109871723368656 0.3086680761099366 0.06079196876742889
2 0.5426356589147286 0.6982710540992749 0.31007751937984496 0.1003904071388734
2 0.5426356589147286 0.7994980479643057 0.31148696264975334 0.08756274400446179
2 0.5415785764622973 0.8930563301728945 0.31219168428470756 0.08672615727830452
2 0.8312191684284708 0.12465142219743447 0.2135306553911205 0.06860011154489683
2 0.8262861169837914 0.20775237032905744 0.19873150105708245 0.07027328499721137
2 0.8236434108527132 0.29001673173452314 0.193446088794926 0.06860011154489683
2 0.8292811839323467 0.37646402677077523 0.20613107822410148 0.0780814277746793
2 0.8296335447498239 0.4602621305075293 0.2054263565891473 0.057166759620747354
2 0.8310429880197322 0.529419966536531 0.20824524312896406 0.057166759620747354
2 0.8269908386187456 0.5999721137757947 0.20014094432699084 0.05549358616843279
2 0.8322762508809021 0.6762409369771333 0.2135306553911205 0.06971556051310653
2 0.8326286116983791 0.7647796988287786 0.20859760394644117 0.07724484104852203
2 0.8280479210711769 0.8466257668711656 0.19802677942212826 0.05911879531511433
2 0.8319238900634249 0.9173173452314557 0.21000704721634955 0.057166759620747354
3 0.8308668076109936 0.0748745119910764 0.21212121212121213 0.028165086447295037
3 0.3918252290345314 0.5507529280535416 0.6518675123326286 0.03792526491912995