3 0.16876971608832808 0.07194645844952594 0.19803715387311602 0.018962632459564976
3 0.7432527164388363 0.03764640267707752 0.2267788293024886 0.03402119353039598
3 0.38696109358569925 0.07236475181260457 0.19908867858394672 0.018126045733407696
3 0.6070802663862601 0.07278304517568321 0.19908867858394672 0.018962632459564976
3 0.8284262180161234 0.07278304517568321 0.2001402032947774 0.02063580591187953
3 0.828776726253067 0.29963747908533184 0.20084121976866456 0.018126045733407696
3 0.6097090781633369 0.378276631344116 0.20084121976866456 0.023703290574456217
3 0.8308797756747284 0.5125488008923592 0.20084121976866456 0.02286670384829894
3 0.6088328075709779 0.6574177356385945 0.19908867858394672 0.018126045733407696
3 0.8317560462670873 0.7335471277189068 0.19908867858394672 0.019799219185722253
2 0.1752541184717841 0.5149191299498048 0.20890290921836663 0.8619631901840491
2 0.3923939712583246 0.5161740100390407 0.20785138450753593 0.8644729503625209
2 0.6093585699263933 0.22448410485220302 0.2001402032947774 0.2810931399888455
2 0.6105853487556958 0.5179866146123815 0.20399579390115669 0.25404350250976016
2 0.6118121275849983 0.8070273284997211 0.20504731861198738 0.2777467930842164
2 0.8305292674377848 0.8446737311767987 0.19803715387311602 0.20580033463469047
2 0.8298282509638977 0.6221416620189626 0.20084121976866456 0.19799219185722253
2 0.8289519803715387 0.40546569994422754 0.19908867858394672 0.18851087562744004
2 0.8296529968454258 0.18404907975460122 0.20890290921836663 0.2018962632459565