3 0.16532540237928622 0.07532720690615427 0.20958712386284115 0.02756892230576441
3 0.4935269419174248 0.07504873294346978 0.4265220433869839 0.028125870231133387
3 0.821553533939818 0.07477025898078529 0.20713785864240727 0.02756892230576441
3 0.16375087473757874 0.2951824004455583 0.20783764870538837 0.03007518796992481
3 0.16340097970608816 0.5155945419103314 0.20713785864240727 0.028682818156502365
3 0.1646256123163051 0.7372598162071846 0.20958712386284115 0.02756892230576441
3 0.4938768369489153 0.5693400167084378 0.4286214135759272 0.026455026455026454
2 0.16270118964310706 0.62531328320802 0.20643806857942618 0.1974380395433027
2 0.16235129461161651 0.8469785575048733 0.20503848845346395 0.1996658312447786
2 0.3834849545136459 0.707880813143971 0.20783764870538837 0.2623224728487886
2 0.603743876836949 0.6673628515733779 0.20888733379986005 0.17794486215538846
2 0.3836599020293912 0.8916736285157337 0.20818754373687895 0.10080757449178501
2 0.6014695591322603 0.8387635756056808 0.20573827851644508 0.16095795043163463
2 0.16445066480055984 0.1830966304650515 0.20643806857942618 0.19799498746867167
2 0.16200139958012597 0.40504037872458926 0.20433869839048285 0.19910888331940962
2 0.3813855843247026 0.3237259816207185 0.20783764870538837 0.47145641882483985
2 0.6018194541637508 0.32247284878863824 0.20643806857942618 0.46895015316067945
2 0.821553533939818 0.5181008075744918 0.20573827851644508 0.8551935394040657
3 0.23372988103568929 0.0391255917571707 0.20083974807557733 0.030910609857978277