2 0.16959269662921347 0.18031189083820662 0.199438202247191 0.1946532999164578
2 0.17064606741573032 0.40100250626566414 0.20154494382022473 0.19548872180451127
2 0.16959269662921347 0.6223893065998329 0.20154494382022473 0.19381787802840433
2 0.16924157303370788 0.8441938178780284 0.19873595505617977 0.19075466443887495
2 0.39571629213483145 0.5125313283208021 0.21067415730337077 0.8524087997772208
2 0.6142907303370787 0.5132275132275133 0.21453651685393257 0.8571428571428571
2 0.8293539325842697 0.5112781954887218 0.20154494382022473 0.8549150654413812
3 0.2540379213483146 0.033973823447507656 0.2264747191011236 0.028404344193817876
3 0.49894662921348315 0.06836535783904205 0.41924157303370785 0.018100807574491784
3 0.8302317415730337 0.06934001670843776 0.1934691011235955 0.015037593984962405
3 0.17099719101123595 0.07101086048454469 0.19662921348314608 0.01670843776106934
3 0.1720505617977528 0.2905875800612643 0.19452247191011235 0.015873015873015872
3 0.17257724719101122 0.5105820105820106 0.19557584269662923 0.017543859649122806
3 0.1720505617977528 0.7316903369534948 0.19662921348314608 0.018100807574491784