3 0.5081577158395649 0.02631578947368421 0.6628144119646499 0.037070938215102975
3 0.2797416723317471 0.18558352402745995 0.22229775662814413 0.02608695652173913
3 0.6903467029231815 0.3681922196796339 0.2168592794017675 0.02517162471395881
3 0.6719918422841604 0.5604118993135011 0.1733514615907546 0.020594965675057208
2 0.3327668252889191 0.11510297482837528 0.3419442556084296 0.105720823798627
2 0.3589394969408566 0.334324942791762 0.3902107409925221 0.2759725400457666
2 0.22365737593473828 0.5459954233409611 0.15227736233854522 0.11258581235697941
2 0.7763426240652618 0.46498855835240277 0.38885112168592795 0.17025171624713958
2 0.708361658735554 0.6617848970251716 0.30455472467709044 0.188558352402746
1 0.5390890550645819 0.8597254004576659 0.9191026512576479 0.20091533180778032
1 0.3460231135282121 0.6128146453089245 0.4065261726716519 0.28466819221967965
1 0.7505098572399728 0.19862700228832952 0.35350101971447995 0.32311212814645307
2 0.9034670292318151 0.12654462242562928 0.1441196464989803 0.12219679633867277