2 0.28789938817131205 0.4247139588100686 0.42352141400407883 0.6883295194508009
3 0.12338545207341944 0.04508009153318078 0.20190346702923181 0.034324942791762014
2 0.10197144799456152 0.06613272311212814 0.15907545887151597 0.014187643020594966
3 0.28619986403806935 0.7903890160183067 0.2406526172671652 0.017391304347826087
2 0.7256968048946295 0.05331807780320366 0.35825968728755947 0.034324942791762014
2 0.7651257647858599 0.45606407322654463 0.4221617946974847 0.7601830663615561
2 0.7705642420122366 0.862929061784897 0.40720598232494903 0.029748283752860413
2 0.7498300475866757 0.9205949656750572 0.45275322909585314 0.05995423340961099
2 0.831407205982325 0.965675057208238 0.28144119646498983 0.018306636155606407
2 0.10571040108769544 0.9681922196796339 0.14208021753908906 0.016933638443935927
2 0.2848402447314752 0.8775743707093822 0.42963970088375253 0.14050343249427918