2 0.16621346023113528 0.09519450800915331 0.2794017675050986 0.14462242562929062
2 0.17063222297756628 0.2606407322654462 0.28552005438477224 0.17620137299771166
2 0.477906186267845 0.18443935926773455 0.2882392929979606 0.17940503432494279
2 0.4772263766145479 0.056292906178489706 0.2868796736913664 0.06498855835240275
2 0.7817811012916384 0.08627002288329519 0.2841604350781781 0.12677345537757437
2 0.77906186267845 0.2102974828375286 0.2868796736913664 0.09748283752860412
2 0.7834806254248811 0.3297482837528604 0.2957171991842284 0.12677345537757437
2 0.7851801495581238 0.4823798627002288 0.28552005438477224 0.16475972540045766
2 0.7753229095853161 0.6645308924485126 0.2821210061182869 0.1931350114416476
2 0.77906186267845 0.854462242562929 0.2841604350781781 0.18123569794050343
2 0.4741672331747111 0.40869565217391307 0.2929979605710401 0.19038901601830663
2 0.46532970768184906 0.6077803203661327 0.27532290958531613 0.20594965675057209
2 0.4751869476546567 0.8466819221967964 0.28552005438477224 0.1931350114416476
2 0.1726716519374575 0.9077803203661328 0.2895989123045547 0.07093821510297482
2 0.16485384092454114 0.794279176201373 0.2794017675050986 0.14782608695652175
2 0.16893269884432358 0.6391304347826087 0.29163834126444593 0.14874141876430205
2 0.17063222297756628 0.4745995423340961 0.28280081577158395 0.17848970251716248
3 0.1733514615907546 0.3652173913043478 0.04214819850441876 0.02288329519450801
3 0.4785859959211421 0.2917620137299771 0.038069340584636305 0.019679633867276888
3 0.4813052345343304 0.7302059496567506 0.036709721278042146 0.019679633867276888
2 0.849762066621346 0.9592677345537758 0.14819850441876276 0.02379862700228833
2 0.17233174711080898 0.9578947368421052 0.29163834126444593 0.02288329519450801