3 0.49762066621346024 0.08329519450800915 0.9340584636301835 0.1034324942791762
1 0.42963970088375253 0.0919908466819222 0.37933378653976885 0.15286041189931351
2 0.8660774983004759 0.15446224256292906 0.19170632222977566 0.018764302059496567
3 0.13698164513936098 0.2032036613272311 0.15975526852481306 0.02745995423340961
2 0.14581917063222297 0.2851258581235698 0.18014955812372535 0.11716247139588101
2 0.393949694085656 0.23661327231121282 0.1964649898028552 0.02379862700228833
2 0.3929299796057104 0.3093821510297483 0.20666213460231136 0.10251716247139588
3 0.09687287559483344 0.6869565217391305 0.08225696804894629 0.02379862700228833
2 0.4007477906186268 0.7244851258581235 0.18014955812372535 0.037528604118993135
2 0.14140040788579197 0.7244851258581235 0.17403127124405166 0.039359267734553775
2 0.27532290958531613 0.8459954233409611 0.4418762746430999 0.18810068649885583
2 0.1230455472467709 0.9546910755148741 0.1318830727396329 0.02288329519450801
2 0.8045547246770904 0.95720823798627 0.2943575798776343 0.019679633867276888
2 0.7318150917743032 0.9283752860411899 0.4276002719238613 0.019679633867276888
2 0.7324949014276003 0.6517162471395881 0.42895989123045547 0.028375286041189933
2 0.274643099932019 0.5194508009153318 0.4554724677090415 0.2974828375286041
2 0.730455472467709 0.4125858123569794 0.4479945615227736 0.4462242562929062