2 0.09177430319510536 0.06819221967963386 0.13324269204622705 0.02379862700228833
3 0.13120326308633581 0.044393592677345536 0.21210061182868797 0.035697940503432495
2 0.7358939496940856 0.05423340961098398 0.3528212100611829 0.04530892448512586
2 0.26580557443915703 0.28466819221967965 0.4554724677090415 0.4100686498855835
2 0.7437117607070021 0.282837528604119 0.46227056424201224 0.4064073226544622
1 0.22127804214819852 0.7185354691075515 0.3691366417403127 0.41189931350114417
2 0.5343303874915024 0.6345537757437071 0.2515295717199184 0.021510297482837528
2 0.6747110808973488 0.7933638443935926 0.5418082936777702 0.2997711670480549
2 0.22127804214819852 0.9361556064073226 0.3487423521414004 0.018764302059496567
2 0.8331067301155677 0.9672768878718535 0.2929979605710401 0.020594965675057208
2 0.10231135282121007 0.9672768878718535 0.14615907545887152 0.020594965675057208
2 0.8602991162474507 0.5281464530892449 0.18286879673691367 0.039359267734553775