1 0.2593473827328348 0.08215102974828375 0.4479945615227736 0.16064073226544623
3 0.27532290958531613 0.20045766590389016 0.398368456832087 0.05034324942791762
2 0.18116927260367097 0.2665903890160183 0.23589394969408567 0.018764302059496567
3 0.12236573759347383 0.2931350114416476 0.11828687967369136 0.020594965675057208
3 0.10910944935418083 0.7755148741418765 0.08905506458191706 0.019679633867276888
3 0.2794017675050986 0.8851258581235698 0.26920462270564244 0.039359267734553775
3 0.5720598232494901 0.8048054919908467 0.10401087695445276 0.018764302059496567
3 0.5690006798096533 0.49038901601830664 0.09789259007477906 0.018764302059496567
2 0.8130523453433038 0.9590389016018307 0.2882392929979606 0.021510297482837528
2 0.13324269204622705 0.9592677345537758 0.1373215499660095 0.02379862700228833
2 0.2787219578518015 0.9205949656750572 0.43507817811012917 0.033409610983981694
2 0.25696804894629505 0.5281464530892449 0.4078857919782461 0.4613272311212815
2 0.6699524133242692 0.24988558352402745 0.30931339225016996 0.45034324942791765
2 0.7107409925220938 0.6450800915331808 0.39360978925900747 0.2988558352402746
2 0.7151597552685248 0.8707093821510298 0.3970088375254929 0.12311212814645309
2 0.8368456832087016 0.934324942791762 0.24473147518694766 0.021510297482837528