3 0.8167912984364378 0.04645308924485126 0.33650577838205303 0.059038901601830666
1 0.18388851121685929 0.2654462242562929 0.35010197144799454 0.43661327231121283
2 0.5 0.3549199084668192 0.27396329027872196 0.22837528604118992
1 0.8174711080897349 0.5125858123569794 0.33514615907545886 0.2700228832951945
2 0.8086335825968729 0.311441647597254 0.2943575798776343 0.1459954233409611
0 0.8059143439836846 0.8038901601830664 0.28891910265125764 0.3025171624713959
2 0.4986403806934058 0.7176201372997711 0.2943575798776343 0.4494279176201373
2 0.19714479945615226 0.5974828375286041 0.28552005438477224 0.14782608695652175
1 0.2715839564921822 0.8187643020594966 0.4874235214140041 0.3340961098398169
3 0.16859279401767505 0.5098398169336384 0.2284160435078178 0.02654462242562929
2 0.942556084296397 0.9631578947368421 0.03195105370496261 0.021510297482837528