3 0.3633582596872876 0.02608695652173913 0.3161114887831407 0.036613272311212815
3 0.3038749150237933 0.07185354691075514 0.20666213460231136 0.02562929061784897
2 0.3698164513936098 0.1940503432494279 0.3847722637661455 0.2288329519450801
3 0.2858599592114208 0.3217391304347826 0.20326308633582596 0.02288329519450801
2 0.3776342624065262 0.43180778032036615 0.3691366417403127 0.20091533180778032
3 0.2919782460910945 0.5414187643020595 0.19782460910944935 0.02654462242562929
2 0.36607749830047587 0.651487414187643 0.3868116927260367 0.20091533180778032
3 0.7012236573759347 0.07551487414187644 0.1991842284160435 0.02471395881006865
2 0.7889191026512576 0.1839816933638444 0.37185588035350103 0.20411899313501145
2 0.6682528891910265 0.3528604118993135 0.18626784500339905 0.0988558352402746
1 0.7739632902787219 0.39954233409610984 0.4493541808293678 0.2553775743707094
2 0.7722637661454793 0.6505720823798627 0.35622025832766824 0.20091533180778032
3 0.712100611828688 0.5395881006864989 0.23589394969408567 0.02288329519450801
1 0.5822569680489463 0.8762013729977117 0.8273283480625425 0.23661327231121282