3 0.5703602991162474 0.027917620137299773 0.8361658735554045 0.038443935926773455
2 0.3433038749150238 0.19221967963386727 0.39428959891230453 0.24805491990846681
3 0.6549966009517335 0.07597254004576659 0.18014955812372535 0.02379862700228833
2 0.7542488103331068 0.19862700228832952 0.389530931339225 0.23524027459954233
3 0.2501699524133243 0.34279176201372996 0.2080217539089055 0.02288329519450801
2 0.34262406526172673 0.43821510297482835 0.3956492182188987 0.17437070938215102
2 0.628823929299796 0.391304347826087 0.17403127124405166 0.11624713958810069
2 0.33310673011556763 0.6475972540045767 0.4051665533650578 0.21876430205949657
3 0.23657375934738273 0.5318077803203661 0.19170632222977566 0.02471395881006865
3 0.6638341264445955 0.6242562929061785 0.18286879673691367 0.028375286041189933
2 0.7511896668932699 0.6933638443935927 0.36301835486063905 0.12723112128146452
1 0.5516655336505778 0.8620137299771167 0.8898708361658736 0.19816933638443937
1 0.8096532970768185 0.4608695652173913 0.37797416723317473 0.29107551487414185