3 0.17403127124405166 0.1977116704805492 0.03535010197144799 0.02288329519450801
3 0.7794017675050986 0.6244851258581235 0.030591434398368457 0.020594965675057208
3 0.7834806254248811 0.7304347826086957 0.03195105370496261 0.02379862700228833
3 0.47484704282800816 0.6533180778032036 0.030591434398368457 0.021510297482837528
3 0.17199184228416042 0.7734553775743707 0.03399048266485384 0.02471395881006865
2 0.8572399728076139 0.9588100686498856 0.13324269204622705 0.02471395881006865
2 0.1787899388171312 0.95720823798627 0.2868796736913664 0.021510297482837528
2 0.17063222297756628 0.09954233409610984 0.28280081577158395 0.16155606407322654
2 0.17131203263086336 0.30320366132723114 0.2868796736913664 0.17437070938215102
2 0.16757307953772943 0.48581235697940506 0.2794017675050986 0.17528604118993135
2 0.16689326988443237 0.6709382151029748 0.2957171991842284 0.17848970251716248
2 0.47450713800135963 0.7677345537757437 0.28144119646498983 0.18718535469107553
2 0.469068660774983 0.9050343249427918 0.26784500339904826 0.06910755148741418
2 0.7715839564921821 0.8453089244851258 0.2787219578518015 0.1940503432494279
2 0.7804214819850442 0.677116704805492 0.2868796736913664 0.06910755148741418
2 0.7780421481985044 0.548741418764302 0.27668252889191025 0.11533180778032037
2 0.7811012916383413 0.3862700228832952 0.2909585316111489 0.19130434782608696
2 0.7817811012916384 0.21418764302059495 0.2868796736913664 0.14096109839816934
2 0.7811012916383413 0.0782608695652174 0.2882392929979606 0.11350114416475973
2 0.4802855200543848 0.17437070938215102 0.2902787219578518 0.2288329519450801
2 0.47824609109449356 0.3736842105263158 0.27668252889191025 0.1597254004576659
2 0.4785859959211421 0.5480549199084668 0.2868796736913664 0.177116704805492
2 0.4503738953093134 0.037528604118993135 0.22093813732154996 0.039359267734553775