2 0.28552005438477224 0.056750572082379866 0.416043507817811 0.02288329519450801
2 0.6196464989802856 0.05606407322654462 0.1203263086335826 0.021510297482837528
2 0.8949694085656016 0.05491990846681922 0.16519374575118967 0.02471395881006865
3 0.8847722637661455 0.03135011441647597 0.18014955812372535 0.031578947368421054
2 0.12338545207341944 0.5402745995423341 0.16247450713800135 0.08100686498855836
2 0.1397008837525493 0.6032036613272311 0.18014955812372535 0.039359267734553775
3 0.13052345343303876 0.7249427917620137 0.1699524133242692 0.02288329519450801
2 0.7352141400407886 0.7242562929061785 0.424881033310673 0.019679633867276888
1 0.7073419442556085 0.6054919908466819 0.5064581917063222 0.21967963386727687
2 0.9010876954452753 0.9567505720823799 0.14208021753908906 0.016933638443935927
2 0.1726716519374575 0.9544622425629291 0.2868796736913664 0.018764302059496567
2 0.26920462270564244 0.8329519450800915 0.4541128484024473 0.19130434782608696
2 0.730455472467709 0.8334096109839817 0.4507138001359619 0.188558352402746
2 0.7443915703602991 0.2725400457665904 0.46091094493541807 0.4068649885583524
2 0.28552005438477224 0.27162471395881005 0.4309993201903467 0.40503432494279173