2 0.045547246770904146 0.06521739130434782 0.05982324949014276 0.018764302059496567
3 0.14581917063222297 0.042562929061784896 0.2590074779061863 0.035697940503432495
2 0.27362338545207343 0.08764302059496568 0.14615907545887152 0.018764302059496567
2 0.7545887151597552 0.3901601830663616 0.2909585316111489 0.02608695652173913
2 0.6927260367097213 0.8384439359267735 0.3929299796057104 0.039359267734553775
2 0.8045547246770904 0.9679633867276888 0.28891910265125764 0.020137299771167048
2 0.08463630183548607 0.9649885583524027 0.15975526852481306 0.021510297482837528
2 0.27362338545207343 0.21739130434782608 0.42352141400407883 0.24805491990846681
2 0.7511896668932699 0.2091533180778032 0.4174031271244052 0.259954233409611
2 0.7226376614547927 0.05606407322654462 0.35350101971447995 0.041647597254004576
2 0.2549286199864038 0.8002288329519451 0.4228416043507818 0.24210526315789474
2 0.7039428959891231 0.7288329519450801 0.41944255608429637 0.10389016018306636
2 0.6461590754588715 0.7993135011441648 0.29843643779741674 0.02517162471395881
2 0.6981645139360979 0.8846681922196796 0.4106050305914344 0.06315789473684211
1 0.48878314072059825 0.5208237986270023 0.8823929299796057 0.30480549199084667
2 0.4840244731475187 0.4414187643020595 0.8021753908905507 0.0700228832951945