3 0.7919782460910945 0.04645308924485126 0.34262406526172673 0.021510297482837528
3 0.5003399048266486 0.09954233409610984 0.4554724677090415 0.059038901601830666
3 0.16893269884432358 0.24668192219679633 0.23861318830727396 0.07963386727688787
3 0.4816451393609789 0.7585812356979404 0.2603670972127804 0.08558352402745996
2 0.7980965329707682 0.7546910755148741 0.30455472467709044 0.25720823798627
2 0.8735554044867437 0.9574370709382151 0.13052345343303876 0.014645308924485127
2 0.8021753908905507 0.9121281464530893 0.26920462270564244 0.05217391304347826
2 0.4904826648538409 0.8720823798627002 0.2929979605710401 0.14508009153318077
2 0.8008157715839564 0.40869565217391307 0.2868796736913664 0.39725400457665905
2 0.18626784500339905 0.9578947368421052 0.2882392929979606 0.02288329519450801
2 0.5615227736233854 0.6977116704805492 0.14819850441876276 0.021510297482837528
2 0.1886471787899388 0.6132723112128147 0.2957171991842284 0.6544622425629291
2 0.49252209381373213 0.4540045766590389 0.2943575798776343 0.5034324942791762