2 0.057443915703602993 0.06064073226544622 0.06458191706322229 0.018764302059496567
3 0.12372535690006799 0.03729977116704806 0.19170632222977566 0.033409610983981694
2 0.8280081577158396 0.9594965675057209 0.2882392929979606 0.018764302059496567
2 0.09755268524813053 0.9622425629290617 0.14479945615227735 0.017848970251716247
2 0.7379333786539769 0.0482837528604119 0.354180829367777 0.041647597254004576
2 0.7664853840924541 0.5077803203661327 0.42352141400407883 0.8773455377574371
2 0.28721957851801494 0.12402745995423341 0.40720598232494903 0.10251716247139588
3 0.2841604350781781 0.18123569794050343 0.15227736233854522 0.015560640732265447
2 0.2841604350781781 0.25331807780320365 0.4187627464309993 0.13592677345537757
3 0.28755948334466347 0.32700228832951944 0.11012916383412645 0.018764302059496567
2 0.2841604350781781 0.6402745995423341 0.42420122365737595 0.6242562929061785