1 0.7393980848153214 0.2308924485125858 0.4473324213406293 0.3839816933638444
2 0.7452120383036935 0.6871853546910756 0.4575923392612859 0.5020594965675057
3 0.12859097127222982 0.07871853546910755 0.1573187414500684 0.07597254004576659
2 0.16997264021887826 0.17185354691075516 0.22777017783857728 0.07368421052631578
2 0.2770177838577291 0.3368421052631579 0.44596443228454175 0.0494279176201373
3 0.27906976744186046 0.3693363844393593 0.1121751025991792 0.013729977116704805
3 0.2780437756497948 0.5965675057208238 0.09097127222982217 0.016018306636155607
2 0.27872777017783856 0.4826086956521739 0.4521203830369357 0.21189931350114416
2 0.28214774281805743 0.7700228832951945 0.4548563611491108 0.34096109839816935
2 0.18433652530779754 0.9654462242562929 0.28522571819425446 0.016018306636155607
2 0.9127906976744186 0.9652173913043478 0.1429548563611491 0.013729977116704805