2 0.3150917743031951 0.06498855835240275 0.40720598232494903 0.02379862700228833
2 0.6430999320190347 0.06613272311212814 0.11828687967369136 0.019679633867276888
2 0.9619306594153637 0.06659038901601831 0.05846363018354861 0.020594965675057208
3 0.8698164513936097 0.043478260869565216 0.2576478585995921 0.037528604118993135
2 0.8382053025152957 0.3009153318077803 0.27056424201223656 0.05537757437070938
1 0.2668252889191027 0.4862700228832952 0.40720598232494903 0.43981693363844393
1 0.5207341944255608 0.8389016018306636 0.9530931339225017 0.2288329519450801
2 0.9095853161114887 0.9695652173913043 0.15363698164513936 0.018764302059496567
2 0.18626784500339905 0.9654462242562929 0.2882392929979606 0.018764302059496567
2 0.8885112168592794 0.2334096109839817 0.21346023113528212 0.02288329519450801
2 0.3096532970768185 0.16018306636155608 0.42352141400407883 0.17025171624713958
0 0.7885791978246091 0.15423340961098397 0.41468388851121685 0.1565217391304348
2 0.717199184228416 0.5530892448512585 0.5152957171991842 0.3135011441647597