2 0.871176070700204 0.1565217391304348 0.18150917743031952 0.02288329519450801
2 0.8667573079537729 0.9594965675057209 0.1373215499660095 0.020594965675057208
2 0.18694765465669613 0.959954233409611 0.2895989123045547 0.021510297482837528
2 0.07375934738273283 0.8247139588100687 0.06322229775662815 0.038443935926773455
3 0.083956492182189 0.7830663615560641 0.08905506458191706 0.02471395881006865
3 0.12100611828687967 0.20594965675057209 0.15091774303195105 0.02562929061784897
2 0.7158395649218219 0.4617848970251716 0.4541128484024473 0.5391304347826087
2 0.7226376614547927 0.7494279176201373 0.43507817811012917 0.034324942791762014
2 0.7185588035350102 0.8466819221967964 0.4418762746430999 0.14370709382151028
2 0.7178789938817132 0.9288329519450801 0.4405166553365058 0.020594965675057208
2 0.2610469068660775 0.8965675057208238 0.4405166553365058 0.09153318077803203
2 0.4276002719238613 0.8237986270022883 0.09925220938137322 0.039359267734553775
2 0.1043507817811013 0.2471395881006865 0.12440516655336506 0.036613272311212815
2 0.1070700203942896 0.30205949656750575 0.1257647858599592 0.05217391304347826
2 0.2620666213460231 0.5524027459954234 0.4479945615227736 0.4265446224256293
2 0.36301835486063905 0.2775743707093821 0.2460910944935418 0.09931350114416476
3 0.4908225696804895 0.11304347826086956 0.9313392250169953 0.07414187643020595
1 0.5567641060503059 0.09221967963386728 0.19170632222977566 0.1368421052631579