2 0.6186267845003399 0.055835240274599546 0.11556764106050306 0.02288329519450801
2 0.8929299796057104 0.056750572082379866 0.1583956492182189 0.02288329519450801
3 0.8776342624065262 0.031578947368421054 0.19442556084296397 0.035697940503432495
2 0.8966689326988443 0.9581235697940503 0.13324269204622705 0.017848970251716247
2 0.1699524133242692 0.9562929061784897 0.2868796736913664 0.019679633867276888
2 0.38443235893949695 0.7066361556064074 0.6342624065261727 0.02562929061784897
3 0.3878314072059823 0.5169336384439359 0.5010197144799456 0.030663615560640733
1 0.836505778382053 0.6038901601830664 0.2590074779061863 0.22379862700228834
2 0.26478585995921144 0.27162471395881005 0.46566961250849764 0.4068649885583524
2 0.7491502379333786 0.2725400457665904 0.4581917063222298 0.40869565217391307
2 0.3820530251529572 0.6437070938215103 0.6444595513256288 0.08649885583524028
2 0.3823929299796057 0.5670480549199085 0.6383412644459552 0.06407322654462243
2 0.5010197144799456 0.8265446224256293 0.9313392250169953 0.21967963386727687