3 0.8154316791298436 0.04668192219679634 0.33650577838205303 0.06407322654462243
3 0.5217539089055064 0.1688787185354691 0.6220258327668253 0.05034324942791762
3 0.29231815091774305 0.27391304347826084 0.24745071380013597 0.029748283752860413
3 0.29061862678450034 0.3116704805491991 0.10673011556764106 0.02379862700228833
3 0.7467709041468389 0.2766590389016018 0.22229775662814413 0.032494279176201374
2 0.28552005438477224 0.4652173913043478 0.43915703602991163 0.27414187643020593
2 0.6974847042828008 0.37803203661327234 0.33854520734194427 0.1748283752860412
2 0.743031951053705 0.6963386727688787 0.4323589394969409 0.39954233409610984
2 0.2831407205982325 0.8389016018306636 0.42895989123045547 0.10617848970251716
1 0.27838205302515295 0.6926773455377574 0.48878314072059825 0.18718535469107553
2 0.1726716519374575 0.9578947368421052 0.1903467029231815 0.015560640732265447
2 0.9415363698164514 0.9585812356979405 0.038069340584636305 0.020594965675057208
2 0.5166553365057783 0.9244851258581236 0.8932698844323589 0.0494279176201373
1 0.5159755268524813 0.1425629290617849 0.8565601631543168 0.2137299771167048