3 0.1733514615907546 0.2299771167048055 0.22433718558803534 0.05537757437070938
3 0.7760027192386132 0.28993135011441645 0.2168592794017675 0.05537757437070938
3 0.42522093813732154 0.44897025171624716 0.12712440516655338 0.028375286041189933
3 0.77906186267845 0.6215102974828375 0.2256968048946295 0.028375286041189933
3 0.16349422161794697 0.6446224256292906 0.22093813732154996 0.05537757437070938
3 0.5333106730115568 0.11006864988558353 0.5771583956492182 0.06819221967963386
3 0.49932019034670294 0.040274599542334096 0.21957851801495581 0.0494279176201373
1 0.4493541808293678 0.13020594965675059 0.8932698844323589 0.13592677345537757
2 0.6152277362338545 0.15240274599542333 0.1672331747110809 0.012814645308924484
2 0.7960571040108769 0.9610983981693364 0.2895989123045547 0.02379862700228833
2 0.11624745071380013 0.9590389016018307 0.13052345343303876 0.019679633867276888
2 0.7736233854520734 0.21922196796338672 0.20938137321549966 0.036613272311212815
2 0.19612508497620665 0.4263157894736842 0.2902787219578518 0.34553775743707094
2 0.5030591434398368 0.30549199084668194 0.2909585316111489 0.2091533180778032
2 0.49626104690686607 0.7034324942791762 0.29231815091774305 0.48787185354691076
2 0.8025152957171992 0.45354691075514875 0.2957171991842284 0.280091533180778
2 0.8008157715839564 0.7890160183066361 0.2895989123045547 0.3102974828375286
2 0.19170632222977566 0.805720823798627 0.2991162474507138 0.2787185354691076