1 0.19306594153636983 0.08009153318077804 0.2868796736913664 0.11441647597254005
2 0.19782460910944935 0.28832951945080093 0.2895989123045547 0.15835240274599544
2 0.19578518014955812 0.43867276887871853 0.28552005438477224 0.13043478260869565
2 0.18660774983004758 0.5784897025171625 0.27124405166553367 0.1299771167048055
2 0.19408565601631544 0.7107551487414188 0.28891910265125764 0.1299771167048055
2 0.19272603670972127 0.8633867276887872 0.2943575798776343 0.16155606407322654
2 0.49150237933378654 0.043935926773455376 0.26784500339904826 0.038443935926773455
2 0.5 0.19679633867276888 0.28891910265125764 0.19221967963386727
2 0.5020394289598912 0.37963386727688786 0.2957171991842284 0.1597254004576659
2 0.4989802855200544 0.5219679633867277 0.2868796736913664 0.11304347826086956
2 0.4935418082936778 0.6677345537757438 0.28144119646498983 0.16292906178489702
2 0.5067980965329708 0.8322654462242562 0.2957171991842284 0.1588100686498856
2 0.8082936777702243 0.854462242562929 0.2868796736913664 0.17940503432494279
2 0.8038749150237934 0.7061784897025172 0.2726036709721278 0.11716247139588101
2 0.8069340584636302 0.5441647597254005 0.2868796736913664 0.12631578947368421
2 0.8052345343303875 0.4219679633867277 0.2780421481985044 0.10068649885583524
2 0.8028552005438477 0.2551487414187643 0.28280081577158395 0.1597254004576659
2 0.8008157715839564 0.082837528604119 0.2787219578518015 0.11441647597254005
2 0.20462270564242013 0.9640732265446225 0.2895989123045547 0.019679633867276888
2 0.49252209381373213 0.9327231121281464 0.256288239292998 0.02654462242562929
2 0.8810333106730116 0.9624713958810068 0.15091774303195105 0.02471395881006865
3 0.8062542488103331 0.15697940503432495 0.03399048266485384 0.02379862700228833
3 0.8086335825968729 0.3528604118993135 0.04418762746430999 0.02379862700228833
3 0.8089734874235214 0.6265446224256292 0.03399048266485384 0.02471395881006865
3 0.5013596193065941 0.08169336384439359 0.030591434398368457 0.019679633867276888