2 0.21006118286879674 0.08237986270022883 0.28008157715839566 0.11350114416475973
2 0.2087015635622026 0.21784897025171623 0.28008157715839566 0.14370709382151028
2 0.2131203263086336 0.36086956521739133 0.2821210061182869 0.13409610983981693
2 0.20360299116247452 0.5304347826086957 0.2698844323589395 0.1931350114416476
2 0.2080217539089055 0.697025171624714 0.28144119646498983 0.12814645308924486
2 0.20768184908225698 0.8551487414187643 0.27532290958531613 0.17437070938215102
2 0.518354860639021 0.8803203661327231 0.2807613868116927 0.1322654462242563
2 0.5078178110129163 0.7585812356979404 0.26920462270564244 0.09931350114416476
2 0.5152957171991842 0.620137299771167 0.2841604350781781 0.15560640732265446
2 0.512576478585996 0.45331807780320366 0.2895989123045547 0.16155606407322654
2 0.5118966689326988 0.2839816933638444 0.28552005438477224 0.16155606407322654
2 0.8120326308633583 0.04782608695652174 0.27668252889191025 0.056292906178489706
2 0.8150917743031951 0.16613272311212815 0.28552005438477224 0.10160183066361556
2 0.8120326308633583 0.3157894736842105 0.2794017675050986 0.1940503432494279
2 0.8184908225696805 0.5146453089244851 0.2841604350781781 0.1322654462242563
2 0.818150917743032 0.62837528604119 0.27532290958531613 0.08604118993135011
2 0.8157715839564922 0.7471395881006865 0.2841604350781781 0.1459954233409611
2 0.8147518694765465 0.8890160183066361 0.27396329027872196 0.12036613272311213
2 0.8198504418762746 0.9631578947368421 0.2868796736913664 0.021510297482837528
2 0.1390210740992522 0.9624713958810068 0.1434398368456832 0.02471395881006865
3 0.82324949014276 0.4297482837528604 0.03942895989123046 0.02379862700228833
3 0.8239292997960571 0.09633867276887872 0.036709721278042146 0.021510297482837528
3 0.5180149558123726 0.1848970251716247 0.03399048266485384 0.02471395881006865