2 0.12338545207341944 0.0551487414187643 0.20054384772263767 0.021510297482837528
3 0.12066621346023114 0.030434782608695653 0.21549966009517335 0.031578947368421054
2 0.25832766825288916 0.2700228832951945 0.46091094493541807 0.4082379862700229
2 0.7406526172671652 0.27162471395881005 0.4629503738953093 0.40503432494279173
2 0.729775662814412 0.04576659038901602 0.34738273283480625 0.042105263157894736
2 0.8079537729435758 0.9567505720823799 0.2929979605710401 0.020594965675057208
2 0.08191706322229776 0.9526315789473684 0.1434398368456832 0.020594965675057208
2 0.1142080217539089 0.5407322654462242 0.15771583956492183 0.08192219679633868
2 0.4789259007477906 0.717162471395881 0.43031951053704964 0.43478260869565216
2 0.8535010197144799 0.531350114416476 0.18150917743031952 0.06681922196796339
1 0.14989802855200543 0.7913043478260869 0.24133242692046228 0.24439359267734553
1 0.8198504418762746 0.7958810068649885 0.2460910944935418 0.24347826086956523
2 0.7545887151597552 0.9263157894736842 0.13052345343303876 0.015560640732265447
2 0.17980965329707682 0.9242562929061785 0.18150917743031952 0.020594965675057208