2 0.06084296397008838 0.06018306636155606 0.06322229775662815 0.019679633867276888
3 0.11726716519374575 0.03638443935926773 0.18150917743031952 0.033409610983981694
2 0.7399728076138681 0.0459954233409611 0.3528212100611829 0.044393592677345536
2 0.2868796736913664 0.27391304347826084 0.42420122365737595 0.4059496567505721
2 0.7678450033990483 0.2725400457665904 0.42352141400407883 0.4068649885583524
2 0.8045547246770904 0.5352402745995424 0.31475186947654654 0.07093821510297482
3 0.4619306594153637 0.5938215102974829 0.07817811012916383 0.022425629290617848
2 0.6866077498300476 0.7723112128146453 0.53025152957172 0.3263157894736842
2 0.8293677770224337 0.9585812356979405 0.28552005438477224 0.018764302059496567
2 0.10027192386131883 0.9576659038901602 0.14208021753908906 0.020594965675057208
1 0.2345343303874915 0.7768878718535469 0.3847722637661455 0.3135011441647597
3 0.1733514615907546 0.5743707093821511 0.24745071380013597 0.05034324942791762
2 0.18558803535010196 0.5221967963386728 0.18898708361658736 0.07688787185354691