2 0.08905506458191706 0.21807780320366132 0.09925220938137322 0.3135011441647597
2 0.31985044187627465 0.2068649885583524 0.5961930659415363 0.27185354691075514
3 0.8953093133922502 0.03592677345537757 0.20666213460231136 0.032494279176201374
0 0.7511896668932699 0.7164759725400458 0.43915703602991163 0.4654462242562929
2 0.9068660774983005 0.9649885583524027 0.15635622025832766 0.021510297482837528
2 0.18592794017675052 0.959954233409611 0.2929979605710401 0.021510297482837528
2 0.2824609109449354 0.04645308924485126 0.3691366417403127 0.04530892448512586
2 0.6012916383412644 0.06064073226544622 0.03195105370496261 0.020594965675057208
2 0.5951733514615908 0.056292906178489706 0.007477906186267845 0.015560640732265447
2 0.6091094493541809 0.059038901601830666 0.05846363018354861 0.02379862700228833
2 0.1247450713800136 0.043020594965675056 0.029231815091774305 0.036613272311212815
2 0.1301835486063902 0.04759725400457666 0.026512576478585997 0.05217391304347826
2 0.18218898708361658 0.04965675057208238 0.15635622025832766 0.044393592677345536