3 0.38001359619306596 0.0414187643020595 0.20938137321549966 0.031578947368421054
2 0.41910265125764784 0.06659038901601831 0.1230455472467709 0.016933638443935927
2 0.13392250169952413 0.06338672768878718 0.13052345343303876 0.020594965675057208
3 0.7284160435078179 0.06178489702517163 0.33514615907545886 0.038443935926773455
2 0.8745751189666894 0.9718535469107551 0.16247450713800135 0.019679633867276888
2 0.1512576478585996 0.9672768878718535 0.2943575798776343 0.020594965675057208
2 0.25186947654656694 0.5160183066361556 0.4738273283480625 0.8782608695652174
2 0.6947654656696125 0.15080091533180778 0.39428959891230453 0.14233409610983982
2 0.6934058463630184 0.35881006864988557 0.3970088375254929 0.26819221967963386
2 0.6876274643099932 0.6535469107551487 0.3908905506458192 0.3112128146453089
2 0.6339225016995241 0.8752860411899314 0.2726036709721278 0.12219679633867277
2 0.818830727396329 0.9443935926773456 0.2345343303874915 0.021510297482837528