3 0.5285520054384772 0.037070938215102975 0.1053704962610469 0.0540045766590389
3 0.535350101971448 0.0748283752860412 0.2794017675050986 0.017848970251716247
2 0.5275322909585316 0.10549199084668193 0.34398368456832085 0.033409610983981694
2 0.77906186267845 0.14668192219679635 0.398368456832087 0.019679633867276888
2 0.24575118966689327 0.1448512585812357 0.33650577838205303 0.019679633867276888
3 0.4452753229095853 0.1736842105263158 0.1699524133242692 0.019679633867276888
2 0.672331747110809 0.1929061784897025 0.6295037389530931 0.016933638443935927
3 0.46498980285520053 0.22517162471395882 0.20938137321549966 0.038443935926773455
2 0.7838205302515295 0.23043478260869565 0.3970088375254929 0.042562929061784896
3 0.40312712440516657 0.26384439359267736 0.08021753908905506 0.016933638443935927
2 0.6730115567641061 0.3908466819221968 0.6254248810333106 0.2297482837528604
1 0.20326308633582596 0.22677345537757437 0.2664853840924541 0.13409610983981693
2 0.1709721278042148 0.3 0.18150917743031952 0.018764302059496567
1 0.2063222297756628 0.3846681922196796 0.2603670972127804 0.1368421052631579
2 0.18150917743031952 0.4574370709382151 0.2053025152957172 0.017848970251716247
1 0.2070020394289599 0.5354691075514875 0.2590074779061863 0.12906178489702516
2 0.19748470428280082 0.608466819221968 0.2345343303874915 0.018764302059496567
3 0.4568320870156356 0.5123569794050343 0.19306594153636983 0.016933638443935927
2 0.49422161794697483 0.6066361556064073 0.26784500339904826 0.018764302059496567
2 0.5367097212780422 0.931350114416476 0.9061862678450034 0.10068649885583524
2 0.6689326988443236 0.559725400457666 0.6267845003399048 0.07688787185354691