2 0.25186947654656694 0.19748283752860413 0.46566961250849764 0.2631578947368421
2 0.27362338545207343 0.0528604118993135 0.4099252209381373 0.020594965675057208
2 0.6033310673011557 0.05263157894736842 0.1230455472467709 0.02288329519450801
2 0.8789938817131203 0.055835240274599546 0.15635622025832766 0.02288329519450801
3 0.8643779741672332 0.028146453089244853 0.19782460910944935 0.032494279176201374
2 0.7508497620666214 0.09084668192219679 0.4126444595513256 0.04530892448512586
3 0.7532290958531611 0.11899313501144165 0.11284840244731476 0.015560640732265447
1 0.48878314072059825 0.5233409610983981 0.8783140720598233 0.34096109839816935
2 0.7535690006798097 0.3725400457665904 0.29163834126444593 0.02562929061784897
3 0.752549286199864 0.2762013729977117 0.1142080217539089 0.019679633867276888
2 0.8813732154996601 0.9549199084668192 0.14615907545887152 0.016933638443935927
2 0.15465669612508498 0.9535469107551487 0.2943575798776343 0.018764302059496567
2 0.7008837525492863 0.7592677345537757 0.43507817811012917 0.12631578947368421
2 0.7532290958531611 0.30709382151029746 0.4174031271244052 0.05034324942791762
2 0.751869476546567 0.19725400457665904 0.41468388851121685 0.15377574370709382
2 0.2671651937457512 0.8162471395881007 0.43507817811012917 0.24668192219679633
2 0.6787899388171312 0.8757437070938215 0.39360978925900747 0.09748283752860412