1 0.6577158395649219 0.6409610983981693 0.21957851801495581 0.1780320366132723
1 0.8127124405166554 0.17734553775743708 0.3745751189666893 0.30526315789473685
1 0.5859959211420802 0.8546910755148741 0.8280081577158396 0.19176201372997712
3 0.36131883072739635 0.02517162471395881 0.318830727396329 0.039359267734553775
3 0.3371855880353501 0.07254004576659039 0.20666213460231136 0.022425629290617848
3 0.3191706322229776 0.2505720823798627 0.1733514615907546 0.020594965675057208
3 0.3297076818490823 0.4446224256292906 0.20666213460231136 0.02334096109839817
3 0.7090414683888511 0.43958810068649884 0.18626784500339905 0.021510297482837528
2 0.4109449354180829 0.16041189931350114 0.3636981645139361 0.1551487414187643
2 0.6896668932698844 0.21647597254004577 0.1910265125764786 0.09610983981693363
2 0.3973487423521414 0.34553775743707094 0.33650577838205303 0.16384439359267736
2 0.3803535010197145 0.5045766590389016 0.3025152957171992 0.10205949656750572
2 0.7906186267845003 0.4974828375286041 0.3480625424881033 0.10068649885583524
2 0.7314751869476547 0.3745995423340961 0.27192386131883073 0.08924485125858124
2 0.29673691366417404 0.6588100686498856 0.15431679129843645 0.020594965675057208
2 0.5628823929299797 0.7247139588100686 0.6838885112168592 0.06178489702517163