3 0.2246770904146839 0.04919908466819222 0.02787219578518015 0.021510297482837528
3 0.2202583276682529 0.6258581235697941 0.03942895989123046 0.021510297482837528
2 0.8351461590754589 0.9597254004576659 0.29707681849082257 0.02288329519450801
2 0.15159755268524813 0.9592677345537758 0.15091774303195105 0.02562929061784897
2 0.495581237253569 0.04897025171624714 0.22705642420122366 0.05034324942791762
2 0.22331747110808972 0.15491990846681922 0.28891910265125764 0.1734553775743707
2 0.21889870836165873 0.3391304347826087 0.2882392929979606 0.1757437070938215
2 0.21821889870836167 0.519908466819222 0.28144119646498983 0.1748283752860412
2 0.2114208021753909 0.7180778032036613 0.28552005438477224 0.14462242562929062
2 0.21481985044187626 0.8697940503432494 0.28552005438477224 0.14508009153318077
2 0.5248130523453433 0.8377574370709382 0.28280081577158395 0.21464530892448513
2 0.8286879673691366 0.845766590389016 0.2963970088375255 0.18947368421052632
2 0.8212100611828688 0.6707093821510297 0.28144119646498983 0.14324942791762013
2 0.5248130523453433 0.1562929061784897 0.28552005438477224 0.14874141876430205
2 0.5254928619986404 0.32219679633867276 0.2841604350781781 0.17940503432494279
2 0.5197144799456153 0.5061784897025171 0.28348062542488106 0.1748283752860412
2 0.5200543847722637 0.6631578947368421 0.2868796736913664 0.12814645308924486
2 0.8242692046227057 0.5263157894736842 0.28755948334466347 0.12814645308924486
2 0.8269884432358939 0.39816933638443935 0.2780421481985044 0.11258581235697941
2 0.8310673011556764 0.2643020594965675 0.29163834126444593 0.14782608695652175
2 0.8293677770224337 0.1034324942791762 0.2882392929979606 0.165675057208238