2 0.17980965329707682 0.06590389016018307 0.23725356900067981 0.02562929061784897
3 0.8229095853161115 0.0517162471395881 0.3161114887831407 0.06590389016018307
3 0.5163154316791299 0.12311212814645309 0.29163834126444593 0.05308924485125858
3 0.16961250849762066 0.48787185354691076 0.22229775662814413 0.0494279176201373
3 0.5469068660774983 0.45125858123569795 0.17743031951053706 0.05308924485125858
3 0.49320190346702925 0.7967963386727689 0.2603670972127804 0.0540045766590389
1 0.8252889191026512 0.7032036613272311 0.34398368456832085 0.2988558352402746
2 0.7984364377974167 0.9016018306636155 0.27668252889191025 0.08970251716247139
2 0.9452753229095853 0.9604118993135011 0.030591434398368457 0.020594965675057208
2 0.9707681849082257 0.8832951945080092 0.023113528212100613 0.07505720823798627
2 0.14989802855200543 0.9581235697940503 0.19782460910944935 0.019679633867276888
2 0.1937457511896669 0.7288329519450801 0.28552005438477224 0.4288329519450801
2 0.5037389530931339 0.620137299771167 0.28144119646498983 0.2938215102974828
2 0.801155676410605 0.39954233409610984 0.27532290958531613 0.30846681922196795
1 0.3616587355540449 0.23157894736842105 0.6852481305234535 0.46498855835240277