2 0.6267845003399048 0.06361556064073226 0.11692726036709722 0.02288329519450801
2 0.9496940856560163 0.06384439359267735 0.05982324949014276 0.021510297482837528
3 0.8514615907545887 0.041647597254004576 0.256288239292998 0.037528604118993135
2 0.12508497620666215 0.5469107551487414 0.15635622025832766 0.07871853546910755
2 0.4357579877634262 0.5274599542334096 0.24473147518694766 0.043478260869565216
2 0.44731475186947656 0.6022883295194508 0.20938137321549966 0.02562929061784897
1 0.7576478585995922 0.7265446224256293 0.40856560163154315 0.43981693363844393
2 0.29401767505098575 0.2768878718535469 0.43031951053704964 0.4100686498855835
2 0.7722637661454793 0.28100686498855837 0.4201223657375935 0.4082379862700229
2 0.2974167233174711 0.7796338672768879 0.5241332426920462 0.32906178489702514
2 0.2620666213460231 0.0517162471395881 0.35690006798096535 0.042105263157894736