3 0.11080897348742352 0.033409610983981694 0.17131203263086336 0.041189931350114416
1 0.48096532970768185 0.12471395881006865 0.18286879673691367 0.14508009153318077
3 0.14921821889870837 0.21578947368421053 0.1991842284160435 0.019679633867276888
2 0.2664853840924541 0.2734553775743707 0.4418762746430999 0.09565217391304348
2 0.4123045547246771 0.3324942791762014 0.14479945615227735 0.034324942791762014
2 0.26512576478586 0.4979405034324943 0.4418762746430999 0.280091533180778
2 0.39768864717878993 0.651487414187643 0.17131203263086336 0.031578947368421054
3 0.13868116927260368 0.6876430205949656 0.18898708361658736 0.020594965675057208
2 0.26512576478586 0.765675057208238 0.4418762746430999 0.1391304347826087
2 0.40312712440516657 0.8491990846681923 0.15635622025832766 0.032494279176201374
2 0.25696804894629505 0.908695652173913 0.45275322909585314 0.06910755148741418
2 0.19068660774983004 0.9562929061784897 0.2929979605710401 0.017848970251716247
2 0.8721957851801495 0.9567505720823799 0.13324269204622705 0.018764302059496567
2 0.7229775662814412 0.9038901601830663 0.44391570360299115 0.06681922196796339
2 0.86743711760707 0.8478260869565217 0.15091774303195105 0.033409610983981694
2 0.7219578518014956 0.7940503432494279 0.43643779741672334 0.07780320366132723
2 0.8613188307273963 0.7292906178489702 0.15363698164513936 0.033409610983981694
2 0.7219578518014956 0.6352402745995424 0.43915703602991163 0.15102974828375287
3 0.6556764106050306 0.5512585812356979 0.29843643779741674 0.020594965675057208
2 0.8157715839564922 0.5141876430205949 0.2460910944935418 0.032494279176201374
2 0.7222977566281441 0.40160183066361554 0.43167912984364376 0.19633867276887873
3 0.6210061182868797 0.2919908466819222 0.2345343303874915 0.02379862700228833
2 0.8473827328348063 0.2553775743707094 0.18422841604350781 0.037528604118993135
2 0.7182188987083616 0.22631578947368422 0.44391570360299115 0.034324942791762014