3 0.43201903467029235 0.05835240274599542 0.6628144119646499 0.07551487414187644
3 0.33072739632902787 0.11624713958810069 0.4507138001359619 0.02745995423340961
2 0.49252209381373213 0.22906178489702517 0.7906186267845003 0.20274599542334096
1 0.491162474507138 0.8569794050343249 0.9143439836845684 0.20183066361556065
1 0.5152957171991842 0.6903890160183066 0.7845003399048266 0.08924485125858124
2 0.4503738953093134 0.7414187643020596 0.5282121006118287 0.016475972540045767
2 0.8521414004078858 0.7405034324942792 0.10673011556764106 0.02288329519450801
2 0.49252209381373213 0.3759725400457666 0.7919782460910945 0.05995423340961099
3 0.3096532970768185 0.33958810068649886 0.43167912984364376 0.02471395881006865
3 0.4459551325628824 0.428604118993135 0.7015635622025833 0.04530892448512586
3 0.31203263086335825 0.531350114416476 0.433718558803535 0.02745995423340961
3 0.4796057104010877 0.62883295194508 0.33514615907545886 0.02745995423340961
2 0.48096532970768185 0.5864988558352403 0.7715839564921821 0.09290617848970252
2 0.48810333106730114 0.48443935926773457 0.7831407205982325 0.07368421052631578