2 0.10333106730115568 0.0597254004576659 0.15363698164513936 0.020594965675057208
3 0.10808973487423522 0.03455377574370709 0.17539089055064583 0.029748283752860413
2 0.09721278042148199 0.9576659038901602 0.13596193065941536 0.018764302059496567
2 0.8266485384092455 0.9585812356979405 0.2882392929979606 0.018764302059496567
2 0.7358939496940856 0.04645308924485126 0.3555404486743712 0.043478260869565216
2 0.7396329027872196 0.271395881006865 0.47450713800135963 0.4091533180778032
2 0.2685248130523453 0.2736842105263158 0.47586675730795375 0.4091533180778032
2 0.7246770904146839 0.717391304347826 0.451393609789259 0.45537757437070936
2 0.26512576478586 0.6736842105263158 0.451393609789259 0.24347826086956523
3 0.22263766145479266 0.8270022883295195 0.3487423521414004 0.06132723112128147
2 0.2654656696125085 0.8977116704805492 0.4493541808293678 0.09382151029748284
3 0.15601631543167913 0.5034324942791762 0.22093813732154996 0.02471395881006865
2 0.16383412644459552 0.5279176201372998 0.2460910944935418 0.016933638443935927