1 0.5224337185588035 0.5578947368421052 0.9279401767505099 0.34874141876430204
2 0.18422841604350781 0.9524027459954233 0.30455472467709044 0.02379862700228833
2 0.9126444595513257 0.9562929061784897 0.14208021753908906 0.019679633867276888
2 0.28110129163834124 0.211441647597254 0.477906186267845 0.2929061784897025
2 0.7824609109449354 0.22128146453089245 0.4201223657375935 0.30434782608695654
2 0.5115567641060503 0.8077803203661327 0.8708361658735554 0.15102974828375287
2 0.7753229095853161 0.9009153318077803 0.33242692046227057 0.08100686498855836
2 0.35350101971447995 0.8926773455377575 0.5316111488783141 0.020594965675057208
2 0.637661454792658 0.0551487414187643 0.11828687967369136 0.019679633867276888
2 0.9119646498980285 0.056292906178489706 0.1611148878314072 0.02562929061784897
3 0.9051665533650578 0.030434782608695653 0.1787899388171312 0.033409610983981694
2 0.3082936777702243 0.3654462242562929 0.4112848402447315 0.021510297482837528