2 0.48878314072059825 0.31212814645308923 0.8987083616587356 0.06224256292906179
2 0.7807613868116927 0.38032036613272313 0.2590074779061863 0.05125858123569794
0 0.7875594833446635 0.8421052631578947 0.27532290958531613 0.20594965675057209
2 0.8606390210740993 0.9581235697940503 0.1318830727396329 0.021510297482837528
2 0.7596872875594833 0.7075514874141876 0.2168592794017675 0.041189931350114416
2 0.17539089055064583 0.9576659038901602 0.30455472467709044 0.020594965675057208
3 0.17912984364377973 0.6677345537757438 0.030591434398368457 0.02288329519450801
3 0.18218898708361658 0.38100686498855835 0.03399048266485384 0.020594965675057208
3 0.7946974847042828 0.531578947368421 0.04078857919782461 0.018764302059496567
2 0.17675050985723997 0.45789473684210524 0.28552005438477224 0.11304347826086956
2 0.17063222297756628 0.5844393592677346 0.2732834806254249 0.12814645308924486
2 0.16927260367097213 0.7576659038901602 0.28280081577158395 0.14874141876430205
2 0.17131203263086336 0.8881006864988559 0.274643099932019 0.0965675057208238
2 0.4840244731475187 0.8851258581235698 0.28552005438477224 0.11807780320366133
2 0.47314751869476546 0.737299771167048 0.26920462270564244 0.15926773455377574
2 0.4840244731475187 0.5702517162471396 0.28552005438477224 0.16292906178489702
2 0.7875594833446635 0.6160183066361556 0.2902787219578518 0.12631578947368421
2 0.7861998640380693 0.4654462242562929 0.28755948334466347 0.10251716247139588
3 0.48980285520054384 0.12013729977116705 0.5282121006118287 0.22654462242562928
1 0.491162474507138 0.16270022883295193 0.21821889870836167 0.222883295194508