2 0.7382732834806254 0.032951945080091534 0.47450713800135963 0.028375286041189933
2 0.8028552005438477 0.4267734553775744 0.2882392929979606 0.16155606407322654
2 0.15329707681849084 0.9716247139588101 0.19782460910944935 0.015560640732265447
2 0.6828687967369137 0.9562929061784897 0.540448674371176 0.017848970251716247
2 0.9347382732834806 0.9729977116704805 0.04214819850441876 0.011899313501144164
2 0.8123725356900068 0.58558352402746 0.3018354860639021 0.12402745995423341
1 0.8198504418762746 0.8011441647597254 0.3575798776342624 0.2988558352402746
2 0.5057783820530252 0.7565217391304347 0.2882392929979606 0.3679633867276888
3 0.4636301835486064 0.5480549199084668 0.20938137321549966 0.05354691075514874
2 0.513256288239293 0.4283752860411899 0.26784500339904826 0.1665903890160183
3 0.1566961250849762 0.6295194508009153 0.20462270564242013 0.056292906178489706
2 0.18898708361658736 0.8009153318077803 0.2841604350781781 0.29473684210526313
2 0.21380013596193065 0.45194508009153317 0.41536369816451396 0.30892448512585813
2 0.13596193065941536 0.23615560640732267 0.1726716519374575 0.02288329519450801
3 0.49626104690686607 0.2782608695652174 0.53025152957172 0.0540045766590389
3 0.5122365737593474 0.13432494279176202 0.9279401767505099 0.17162471395881007
2 0.20428280081577158 0.043020594965675056 0.12168592794017676 0.06224256292906179