3 0.22195785180149558 0.04324942791762014 0.02787219578518015 0.021510297482837528
2 0.21380013596193065 0.14210526315789473 0.2780421481985044 0.16155606407322654
2 0.21753908905506458 0.294279176201373 0.2909585316111489 0.12540045766590388
2 0.21617946974847044 0.4450800915331808 0.28552005438477224 0.1643020594965675
2 0.21515975526852482 0.6052631578947368 0.2807613868116927 0.14782608695652175
2 0.2131203263086336 0.8263157894736842 0.2794017675050986 0.22379862700228834
2 0.14887831407205981 0.9524027459954233 0.15363698164513936 0.02562929061784897
2 0.8235893949694085 0.954233409610984 0.2943575798776343 0.02379862700228833
2 0.8045547246770904 0.9256292906178489 0.24133242692046228 0.021510297482837528
1 0.8252889191026512 0.07688787185354691 0.2895989123045547 0.12814645308924486
2 0.49626104690686607 0.036613272311212815 0.2256968048946295 0.039359267734553775
2 0.5180149558123726 0.1576659038901602 0.2868796736913664 0.18901601830663617
2 0.5118966689326988 0.33935926773455377 0.27056424201223656 0.16064073226544623
2 0.518354860639021 0.5066361556064073 0.28348062542488106 0.15926773455377574
2 0.5169952413324269 0.683066361556064 0.2807613868116927 0.17162471395881007
2 0.5122365737593474 0.8551487414187643 0.2929979605710401 0.1588100686498856
2 0.8218898708361658 0.8411899313501144 0.28552005438477224 0.12906178489702516
2 0.8242692046227057 0.5066361556064073 0.28348062542488106 0.15926773455377574
2 0.8222297756628144 0.3345537757437071 0.27668252889191025 0.17848970251716248
2 0.8293677770224337 0.18970251716247138 0.2909585316111489 0.09931350114416476