2 0.28619986403806935 0.27276887871853545 0.4282800815771584 0.4073226544622426
2 0.7409925220938137 0.2766590389016018 0.46498980285520053 0.40869565217391307
2 0.72093813732155 0.8411899313501144 0.4493541808293678 0.19221967963386727
2 0.8235893949694085 0.539816933638444 0.24405166553365057 0.0700228832951945
2 0.2549286199864038 0.8389016018306636 0.45955132562882395 0.1931350114416476
1 0.34466349422161796 0.6100686498855835 0.6131883072739633 0.21876430205949657
2 0.32460910944935417 0.7311212814645309 0.5853161114887832 0.021510297482837528
2 0.8796736913664174 0.9622425629290617 0.15227736233854522 0.017848970251716247
2 0.15907545887151597 0.9581235697940503 0.2882392929979606 0.019679633867276888
2 0.6244051665533651 0.06018306636155606 0.12712440516655338 0.021510297482837528
2 0.876274643099932 0.062013729977116704 0.18898708361658736 0.021510297482837528
3 0.9010876954452753 0.037986270022883295 0.14208021753908906 0.036613272311212815